ID,Call Number,Date/Time,Location,Police District,Nature of Call,Status
190632901-Assignment Completed,190632901,2019-03-04 23:28:51,"3447 S 35TH ST,MKE",6,VACANT HOUSE CHK,Assignment Completed
190632900-Advised,190632900,2019-03-04 23:27:27,"3642 N MARTIN L KING JR DR,MKE",5,TRAFFIC STOP,Advised
190632899-Assignment Completed,190632899,2019-03-04 23:26:41,"6680 N TEUTONIA AV,MKE",4,RETURN STATION,Assignment Completed
190632896-Assignment Completed,190632896,2019-03-04 23:25:12,"4715 W VLIET ST,MKE",3,RETURN STATION,Assignment Completed
190632908-Assignment Completed,190632908,2019-03-04 23:34:41,"2333 N 49TH ST,MKE",3,RETURN STATION,Assignment Completed
190632907-Assignment Completed,190632907,2019-03-04 23:34:07,"2400 N 33RD ST,MKE",3,PATROL,Assignment Completed
190632905-Assignment Completed,190632905,2019-03-04 23:32:49,"3626 W FOND DU LAC AV,MKE",7,POLICE ADMIN,Assignment Completed
190632903-Assignment Completed,190632903,2019-03-04 23:31:10,"N 42ND ST / W MILL RD,MKE",4,PATROL,Assignment Completed
190632877-Assignment Completed,190632877,2019-03-04 23:24:18,"2511 N BARTLETT AV,MKE",1,TRBL W/SUBJ-DV,Assignment Completed
190632895-To be Filed,190632895,2019-03-04 23:24:14,"1840 N 6TH ST,MKE",5,BUSINESS CHECK,To be Filed
190632885-Assignment Completed,190632885,2019-03-04 23:18:30,"3626 W FOND DU LAC AV,MKE",7,RETURN STATION,Assignment Completed
190632880-Assignment Completed,190632880,2019-03-04 23:15:37,"3626 W FOND DU LAC AV,MKE",7,POLICE ADMIN,Assignment Completed
190632873-Assignment Completed,190632873,2019-03-04 23:14:05,"4300 N TEUTONIA AV,MKE",5,INVESTIGATION,Assignment Completed
190632782-To be Filed,190632782,2019-03-04 22:44:47,"5000 W CHAMBERS ST,MKE",7,TRBL W/JUV,To be Filed
190632923-Service in Progress,190632923,2019-03-04 23:39:43,"6929 W SILVER SPRING DR,MKE",4,OUT OF SERVICE,Service in Progress
190632922-Assignment Completed,190632922,2019-03-04 23:39:39,"2920 N VEL R PHILLIPS AV,MKE",5,OUT OF SERVICE,Assignment Completed
190632921-Service in Progress,190632921,2019-03-04 23:39:02,"5218 W BLUE MOUND RD,MKE",3,TAVERN CHECK,Service in Progress
190632917-Service in Progress,190632917,2019-03-04 23:38:42,"1134 N 20TH ST,MKE",3,SUBJ WITH WEAPON,Service in Progress
190632919-Advised,190632919,2019-03-04 23:37:45,"W HOPE AV / N TORONTO ST,MKE",7,TRAFFIC STOP,Advised
190632918-Assignment Completed,190632918,2019-03-04 23:37:43,"245 W LINCOLN AV,MKE",2,OUT OF SERVICE,Assignment Completed
190632915-Assignment Completed,190632915,2019-03-04 23:37:09,"2333 N 49TH ST,MKE",3,OUT OF SERVICE,Assignment Completed
190632914-Assignment Completed,190632914,2019-03-04 23:36:51,"125 W BECHER ST,MKE",2,BUSINESS CHECK,Assignment Completed
190632912-Service in Progress,190632912,2019-03-04 23:36:29,"749 W STATE ST,MKE",1,OUT OF SERVICE,Service in Progress
190632933-Assignment Completed,190632933,2019-03-04 23:44:50,"4750 N HOPKINS ST,MKE",7,TAVERN CHECK,Assignment Completed
190632932-Assignment Completed,190632932,2019-03-04 23:44:32,"500 W KEEFE AV,MKE",5,INVESTIGATION,Assignment Completed
190632930-Assignment Completed,190632930,2019-03-04 23:42:59,"N 26TH ST / W BROWN ST,MKE",3,NON PURSUIT NO P,Assignment Completed
190632906-Unable to Locate Complainant,190632906,2019-03-04 23:42:19,"3016 N 29TH ST,MKE",5,NOISE NUISANCE,Unable to Locate Complainant
190632927-Assignment Completed,190632927,2019-03-04 23:41:44,"3006 S 27TH ST,MKE",6,OUT OF SERVICE,Assignment Completed
190632925-Service in Progress,190632925,2019-03-04 23:40:29,"3626 W FOND DU LAC AV,MKE",7,OUT OF SERVICE,Service in Progress
190632923-Assignment Completed,190632923,2019-03-04 23:39:43,"6929 W SILVER SPRING DR,MKE",4,OUT OF SERVICE,Assignment Completed
190632881-Assignment Completed,190632881,2019-03-04 23:16:03,"3626 W FOND DU LAC AV,MKE",7,POLICE ADMIN,Assignment Completed
190632844-City Citation(s) Issued,190632844,2019-03-04 23:02:11,"4050-A N 49TH ST,MKE",7,CALL FOR POLICE,City Citation(s) Issued
190632937-Service in Progress,190632937,2019-03-04 23:49:45,"8210 W CAPITOL DR,MKE",7,BUSINESS CHECK,Service in Progress
190632926-Service in Progress,190632926,2019-03-04 23:47:22,"N 27TH ST / W BROWN ST,MKE",3,ACC PDO,Service in Progress
190632920-Service in Progress,190632920,2019-03-04 23:45:09,"832 N 29TH ST,MKE",3,BATTERY,Service in Progress
190632925-Assignment Completed,190632925,2019-03-04 23:40:29,"3626 W FOND DU LAC AV,MKE",7,OUT OF SERVICE,Assignment Completed
190632917-Unable to Locate Complainant,190632917,2019-03-04 23:38:42,"1134 N 20TH ST,MKE",3,SUBJ WITH WEAPON,Unable to Locate Complainant
190632912-Assignment Completed,190632912,2019-03-04 23:36:29,"749 W STATE ST,MKE",1,OUT OF SERVICE,Assignment Completed
190632924-Service in Progress,190632924,2019-03-04 23:54:18,"3626 W FOND DU LAC AV,MKE",7,CONVEY PROPERTY,Service in Progress
190632941-Service in Progress,190632941,2019-03-04 23:53:56,"3006 S 27TH ST,MKE",6,REPORTS,Service in Progress
190632940-Advised,190632940,2019-03-04 23:53:20,"3011 N SHERMAN BL,MKE",7,TRAFFIC STOP,Advised
190632938-Service in Progress,190632938,2019-03-04 23:51:03,"4200 S 54TH ST,MKE",6,PATROL,Service in Progress
190632937-Assignment Completed,190632937,2019-03-04 23:49:45,"8210 W CAPITOL DR,MKE",7,BUSINESS CHECK,Assignment Completed
190632921-Assignment Completed,190632921,2019-03-04 23:39:02,"5218 W BLUE MOUND RD,MKE",3,TAVERN CHECK,Assignment Completed
190632949-Service in Progress,190632949,2019-03-04 23:59:37,"545 W LAYTON AV,MKE",6,BUSINESS CHECK,Service in Progress
190632945-Service in Progress,190632945,2019-03-04 23:56:48,"818 W ATKINSON AV,MKE",5,TRBL W/SUBJ,Service in Progress
190632944-Service in Progress,190632944,2019-03-04 23:55:54,"2920 N VEL R PHILLIPS AV,MKE",5,FOLLOW UP,Service in Progress
190632872-Assignment Completed,190632872,2019-03-04 23:13:56,"N TEUTONIA AV / W FLORIST AV,MKE",4,PATROL,Assignment Completed
190632859-Unable to Locate Complainant,190632859,2019-03-04 23:08:50,"N TEUTONIA AV / W VILLARD AV,MKE",7,INVESTIGATION,Unable to Locate Complainant
190632886-Service in Progress,190632886,2019-03-05 00:04:44,"2907 W LOCUST ST,MKE",5,FAMILY TROUBLE,Service in Progress
190632948-Unable to Locate Complainant,190632948,2019-03-05 00:04:09,"2803 W KILBOURN AV,MKE",3,NOTIFICATION,Unable to Locate Complainant
190632783-Service in Progress,190632783,2019-03-05 00:03:57,"1200 E SINGER CR,MKE",5,SUBJ WANTED,Service in Progress
190640002-Service in Progress,190640002,2019-03-05 00:03:05,"3807 W CENTER ST,MKE",3,FIGHT,Service in Progress
190640003-Service in Progress,190640003,2019-03-05 00:02:56,"1728 W CENTER ST,MKE",5,SUSP PERS/AUTO,Service in Progress
190640004-Service in Progress,190640004,2019-03-05 00:02:10,"3006 S 27TH ST,MKE",6,REPORTS,Service in Progress
190640001-Assignment Completed,190640001,2019-03-05 00:00:13,"245 W LINCOLN AV,MKE",2,RETURN STATION,Assignment Completed
190632929-Service in Progress,190632929,2019-03-05 00:09:55,"N 49TH ST / W LISBON AV,MKE",3,TRBL W/SUBJ,Service in Progress
190640016-Assignment Completed,190640016,2019-03-05 00:09:01,"9700 W SILVER SPRING DR,MKE",4,PATROL,Assignment Completed
190640012-Service in Progress,190640012,2019-03-05 00:08:02,"3744 W WALNUT ST,MKE",3,TRBL W/SUBJ,Service in Progress
190640013-Service in Progress,190640013,2019-03-05 00:07:37,"5600 W CAPITOL DR,MKE",7,RETURN STATION,Service in Progress
190640011-Service in Progress,190640011,2019-03-05 00:06:28,"500 W KEEFE AV,MKE",5,INVESTIGATION,Service in Progress
190640009-Assignment Completed,190640009,2019-03-05 00:05:43,"369 E OKLAHOMA AV,MKE",6,BUSINESS CHECK,Assignment Completed
190632946-Advised,190632946,2019-03-05 00:05:20,"2920 N 20TH ST,MKE",5,LANDLORD/TEN TRB,Advised
190640007-Advised,190640007,2019-03-05 00:05:06,"4123 S 55TH ST,MKE",6,INVESTIGATION,Advised
190632783-Unable to Locate Complainant,190632783,2019-03-05 00:03:57,"1200 E SINGER CR,MKE",5,SUBJ WANTED,Unable to Locate Complainant
190640003-Unable to Locate Complainant,190640003,2019-03-05 00:02:56,"1728 W CENTER ST,MKE",5,SUSP PERS/AUTO,Unable to Locate Complainant
190632949-Assignment Completed,190632949,2019-03-04 23:59:37,"545 W LAYTON AV,MKE",6,BUSINESS CHECK,Assignment Completed
190632938-Assignment Completed,190632938,2019-03-04 23:51:03,"4200 S 54TH ST,MKE",6,PATROL,Assignment Completed
190632884-Advised,190632884,2019-03-04 23:22:09,"4455 N 89TH ST,MKE",7,TRBL W/SUBJ-DV,Advised
190640022-Advised,190640022,2019-03-05 00:14:27,"3820 W GREEN TREE RD,MKE",4,FAMILY TROUBL-DV,Advised
190640020-Service in Progress,190640020,2019-03-05 00:13:42,"8200 W BENDER AV,MKE",4,ENTRY,Service in Progress
190640018-Service in Progress,190640018,2019-03-05 00:12:26,"2809 N 28TH ST,MKE",5,WELFARE CITIZEN,Service in Progress
190632931-Service in Progress,190632931,2019-03-05 00:10:48,"5000 W CHAMBERS ST,MKE",7,TRBL W/SUBJ,Service in Progress
190640013-Assignment Completed,190640013,2019-03-05 00:07:37,"5600 W CAPITOL DR,MKE",7,RETURN STATION,Assignment Completed
190640004-Assignment Completed,190640004,2019-03-05 00:02:10,"3006 S 27TH ST,MKE",6,REPORTS,Assignment Completed
190632945-Advised,190632945,2019-03-04 23:56:48,"818 W ATKINSON AV,MKE",5,TRBL W/SUBJ,Advised
190640028-Service in Progress,190640028,2019-03-05 00:19:32,"6929 W SILVER SPRING DR,MKE",4,VEHICLE MAINT,Service in Progress
190640025-Service in Progress,190640025,2019-03-05 00:19:18,"2974 N 74TH ST,MKE",7,ACC PDO,Service in Progress
190640021-Service in Progress,190640021,2019-03-05 00:16:57,"N HOPKINS ST / W VILLARD AV,MKE",7,RECK USE OF WEAP,Service in Progress
190640024-Assignment Completed,190640024,2019-03-05 00:15:21,"134 E JUNEAU AV,MKE",1,TAVERN CHECK,Assignment Completed
190632929-Unable to Locate Complainant,190632929,2019-03-05 00:09:55,"N 49TH ST / W LISBON AV,MKE",3,TRBL W/SUBJ,Unable to Locate Complainant
190632941-Assignment Completed,190632941,2019-03-04 23:53:56,"3006 S 27TH ST,MKE",6,REPORTS,Assignment Completed
190632928-Service in Progress,190632928,2019-03-04 23:44:26,"6233 W LOCUST ST,MKE",7,FAMILY TROUBLE,Service in Progress
190640030-Service in Progress,190640030,2019-03-05 00:22:32,"2323 N MARTIN L KING JR DR,MKE",5,BUSINESS CHECK,Service in Progress
190640029-Advised,190640029,2019-03-05 00:22:03,"2333 N 49TH ST,MKE",3,TRBL W/SUBJ,Advised
190640028-Assignment Completed,190640028,2019-03-05 00:19:32,"6929 W SILVER SPRING DR,MKE",4,VEHICLE MAINT,Assignment Completed
190640020-Assignment Completed,190640020,2019-03-05 00:13:42,"8200 W BENDER AV,MKE",4,ENTRY,Assignment Completed
190640011-Assignment Completed,190640011,2019-03-05 00:06:28,"500 W KEEFE AV,MKE",5,INVESTIGATION,Assignment Completed
190632920-Advised/Referral,190632920,2019-03-04 23:45:09,"832 N 29TH ST,MKE",3,TRBL W/SUBJ,Advised/Referral
190640040-Service in Progress,190640040,2019-03-05 00:30:00,"515 E CHAMBERS ST,MKE",5,TRBL W/SUBJ,Service in Progress
190640039-Advised,190640039,2019-03-05 00:28:45,"11800 W SILVER SPRING DR,MKE",4,BUSINESS CHECK,Advised
190640037-Assignment Completed,190640037,2019-03-05 00:27:16,"1609 E NORTH AV,MKE",1,BUSINESS CHECK,Assignment Completed
190640036-Assignment Completed,190640036,2019-03-05 00:27:14,"6929 W SILVER SPRING DR,MKE",4,RETURN STATION,Assignment Completed
190640034-Service in Progress,190640034,2019-03-05 00:25:53,"2250 S 16TH ST,MKE",2,TRAFFIC STOP,Service in Progress
190640033-Service in Progress,190640033,2019-03-05 00:25:32,"N 51ST BL / W FOND DU LAC AV,MKE",7,TRAFFIC STOP,Service in Progress
190640030-Assignment Completed,190640030,2019-03-05 00:22:32,"2323 N MARTIN L KING JR DR,MKE",5,BUSINESS CHECK,Assignment Completed
190632931-Advised,190632931,2019-03-05 00:10:48,"5000 W CHAMBERS ST,MKE",7,TRBL W/SUBJ,Advised
190640051-Service in Progress,190640051,2019-03-05 00:34:21,"N 35TH ST / W VILLARD AV,MKE",7,SHOOTING,Service in Progress
190640050-Service in Progress,190640050,2019-03-05 00:33:25,"W APPLETON AV / W NASH ST,MKE",7,TRAFFIC STOP,Service in Progress
190640049-Service in Progress,190640049,2019-03-05 00:33:20,"151 W LAYTON AV,MKE",6,BUSINESS CHECK,Service in Progress
190640048-Assignment Completed,190640048,2019-03-05 00:33:03,"3869 S 84TH ST,MKE",6,BUSINESS CHECK,Assignment Completed
190640043-Assignment Completed,190640043,2019-03-05 00:31:35,"800 E LAYTON AV,MKE",6,BUSINESS CHECK,Assignment Completed
190640042-Service in Progress,190640042,2019-03-05 00:31:33,"228 E NATIONAL AV,MKE",2,ASSIGNMENT,Service in Progress
190640041-Assignment Completed,190640041,2019-03-05 00:31:25,"5500 W SILVER SPRING DR,MKE",4,PATROL,Assignment Completed
190640034-Advised,190640034,2019-03-05 00:25:53,"2250 S 16TH ST,MKE",2,TRAFFIC STOP,Advised
190640033-Assignment Completed,190640033,2019-03-05 00:25:32,"N 51ST BL / W FOND DU LAC AV,MKE",7,TRAFFIC STOP,Assignment Completed
190640056-Service in Progress,190640056,2019-03-05 00:37:52,"3500 S 57TH ST,MKE",6,PATROL,Service in Progress
190640055-Service in Progress,190640055,2019-03-05 00:37:26,"2637 N 29TH ST,MKE",3,ASSIGNMENT,Service in Progress
190640054-Assignment Completed,190640054,2019-03-05 00:36:54,"N 43RD ST / W GOOD HOPE RD,BD",4,SHOOTING,Assignment Completed
190640053-Assignment Completed,190640053,2019-03-05 00:35:45,"4427 N GREEN BAY AV,MKE",5,BUSINESS CHECK,Assignment Completed
190640049-Assignment Completed,190640049,2019-03-05 00:33:20,"151 W LAYTON AV,MKE",6,BUSINESS CHECK,Assignment Completed
190640020-Advised,190640020,2019-03-05 00:13:42,"8200 W BENDER AV,MKE",4,TRBL W/SUBJ,Advised
190640018-Advised,190640018,2019-03-05 00:12:26,"2809 N 28TH ST,MKE",5,WELFARE CITIZEN,Advised
190640012-Unable to Locate Complainant,190640012,2019-03-05 00:08:02,"3744 W WALNUT ST,MKE",3,TRBL W/SUBJ,Unable to Locate Complainant
190632886-Advised,190632886,2019-03-05 00:04:44,"2907 W LOCUST ST,MKE",5,FAMILY TROUBLE,Advised
190632926-To be Filed,190632926,2019-03-04 23:47:22,"N 27TH ST / W BROWN ST,MKE",3,ACC PDO,To be Filed
190640057-Service in Progress,190640057,2019-03-05 00:44:15,"1401 N 22ND ST,MKE",3,TRBL W/SUBJ,Service in Progress
190632860-Advised/Referral,190632860,2019-03-05 00:44:06,"2904 W WISCONSIN AV,MKE",3,THEFT,Advised/Referral
190640059-Service in Progress,190640059,2019-03-05 00:43:54,"2656 S 29TH ST,MKE",2,FAMILY TROUBLE,Service in Progress
190640044-Advised,190640044,2019-03-05 00:43:43,"3829 N 76TH ST,MKE",7,NOISE NUISANCE,Advised
190640066-City Citation(s) Issued,190640066,2019-03-05 00:43:40,"1400 E BRADY ST,MKE",1,PARKING TROUBLE,City Citation(s) Issued
190640062-Service in Progress,190640062,2019-03-05 00:42:08,"6036 W KAUL AV,MKE",4,INVESTIGATION,Service in Progress
190640061-Assignment Completed,190640061,2019-03-05 00:41:51,"3476 N HOLTON ST,MKE",5,BUSINESS CHECK,Assignment Completed
190640060-Assignment Completed,190640060,2019-03-05 00:41:16,"2800 S 9TH ST,MKE",6,PATROL,Assignment Completed
190640058-Service in Progress,190640058,2019-03-05 00:41:10,"955 N 14TH ST,MKE",3,DEAD ON ENTRY,Service in Progress
190640075-Service in Progress,190640075,2019-03-05 00:49:29,"4001 N 60TH ST,MKE",7,BUSINESS CHECK,Service in Progress
190640073-Assignment Completed,190640073,2019-03-05 00:48:35,"N 84TH ST / W CONGRESS ST,MKE",7,INVESTIGATION,Assignment Completed
190640072-Service in Progress,190640072,2019-03-05 00:48:21,"3421 W BURLEIGH ST,MKE",7,TRAFFIC STOP,Service in Progress
190640071-Service in Progress,190640071,2019-03-05 00:48:18,"245 W LINCOLN AV,MKE",2,REPORTS,Service in Progress
190640070-Service in Progress,190640070,2019-03-05 00:48:03,"5880 S HOWELL AV,MKE",6,BUSINESS CHECK,Service in Progress
190640021-Open Investigation,190640021,2019-03-05 00:16:57,"N HOPKINS ST / W VILLARD AV,MKE",7,RECK USE OF WEAP,Open Investigation
190640085-Assignment Completed,190640085,2019-03-05 00:54:33,"3203 S 9TH ST,MKE",6,INVESTIGATION,Assignment Completed
190640084-Assignment Completed,190640084,2019-03-05 00:54:16,"5768 N 41ST ST,MKE",4,INVESTIGATION,Assignment Completed
190640083-Assignment Completed,190640083,2019-03-05 00:54:11,"5600 W CAPITOL DR,MKE",7,RETURN STATION,Assignment Completed
190640045-Service in Progress,190640045,2019-03-05 00:53:13,"2423 N MURRAY AV,MKE",1,ACC PDO,Service in Progress
190640078-Service in Progress,190640078,2019-03-05 00:52:45,"4649 N 28TH ST,MKE",5,TRBL W/SUBJ-DV,Service in Progress
190640081-Assignment Completed,190640081,2019-03-05 00:52:35,"6929 W SILVER SPRING DR,MKE",4,RETURN STATION,Assignment Completed
190640082-Service in Progress,190640082,2019-03-05 00:52:35,"S 19TH ST / W BURNHAM ST,MKE",2,TRAFFIC STOP,Service in Progress
190640080-Service in Progress,190640080,2019-03-05 00:51:56,"2920 N VEL R PHILLIPS AV,MKE",5,PRISONER TRANS,Service in Progress
190640079-Assignment Completed,190640079,2019-03-05 00:51:52,"6401 N 76TH ST,MKE",4,BUSINESS CHECK,Assignment Completed
190640076-Assignment Completed,190640076,2019-03-05 00:50:35,"5751 W FOND DU LAC AV,MKE",7,BUSINESS CHECK,Assignment Completed
190640075-Assignment Completed,190640075,2019-03-05 00:49:29,"4001 N 60TH ST,MKE",7,BUSINESS CHECK,Assignment Completed
190632913-Unable to Locate Complainant,190632913,2019-03-05 00:59:02,"2710 W WRIGHT ST,MKE",3,NOISE NUISANCE,Unable to Locate Complainant
190640099-Assignment Completed,190640099,2019-03-05 00:58:44,"2520 W NATIONAL AV,MKE",2,BUSINESS CHECK,Assignment Completed
190640098-Service in Progress,190640098,2019-03-05 00:58:17,"4600 W STATE ST,MKE",3,PATROL,Service in Progress
190640095-Assignment Completed,190640095,2019-03-05 00:57:36,"2626 W NATIONAL AV,MKE",2,BUS INVESTIGATIO,Assignment Completed
190640088-Service in Progress,190640088,2019-03-05 00:57:29,"3609 N 76TH ST,MKE",7,BATTERY,Service in Progress
190640094-Assignment Completed,190640094,2019-03-05 00:57:24,"2023 S KINNICKINNIC AV,MKE",2,BUSINESS CHECK,Assignment Completed
190640093-Service in Progress,190640093,2019-03-05 00:57:07,"2900 S 10TH ST,MKE",6,PATROL,Service in Progress
190640091-Assignment Completed,190640091,2019-03-05 00:56:05,"3700 W TOWNSEND ST,MKE",7,PATROL,Assignment Completed
190640090-Service in Progress,190640090,2019-03-05 00:55:57,"7110 W SILVER SPRING DR,MKE",4,TRBL W/SUBJ,Service in Progress
190640089-Assignment Completed,190640089,2019-03-05 00:55:55,"323 E CLARENCE ST,MKE",6,PATROL,Assignment Completed
190640070-Assignment Completed,190640070,2019-03-05 00:48:03,"5880 S HOWELL AV,MKE",6,BUSINESS CHECK,Assignment Completed
190640059-Advised,190640059,2019-03-05 00:43:54,"2656 S 29TH ST,MKE",2,FAMILY TROUBLE,Advised
190640058-Assignment Completed,190640058,2019-03-05 00:41:10,"955 N 14TH ST,MKE",3,DEAD ON ENTRY,Assignment Completed
190640042-Assignment Completed,190640042,2019-03-05 00:31:33,"228 E NATIONAL AV,MKE",2,ASSIGNMENT,Assignment Completed
190640087-Service in Progress,190640087,2019-03-05 01:04:30,"4887 N 65TH ST,MKE",7,BATTERY,Service in Progress
190640107-Assignment Completed,190640107,2019-03-05 01:04:15,"1400 W CONGRESS ST,MKE",5,INVESTIGATION,Assignment Completed
190640103-Assignment Completed,190640103,2019-03-05 01:03:10,"5742 N 79TH ST,MKE",4,SUBJ WITH WEAPON,Assignment Completed
190640104-Assignment Completed,190640104,2019-03-05 01:01:48,"110 E LAYTON AV,MKE",6,BUSINESS CHECK,Assignment Completed
190640102-Advised,190640102,2019-03-05 01:01:36,"5614 W MORGAN AV,MKE",6,TRAFFIC STOP,Advised
190640101-Assignment Completed,190640101,2019-03-05 01:01:12,"2645 N 45TH ST,MKE",3,INVESTIGATION,Assignment Completed
190640062-Assignment Completed,190640062,2019-03-05 00:42:08,"6036 W KAUL AV,MKE",4,INVESTIGATION,Assignment Completed
190640056-Assignment Completed,190640056,2019-03-05 00:37:52,"3500 S 57TH ST,MKE",6,PATROL,Assignment Completed
190640115-Advised,190640115,2019-03-05 01:08:58,"3051 N 20TH ST,MKE",5,TRAFFIC STOP,Advised
190640114-Service in Progress,190640114,2019-03-05 01:08:57,"4427 N GREEN BAY AV,MKE",5,BUSINESS CHECK,Service in Progress
190640113-Assignment Completed,190640113,2019-03-05 01:07:25,"7311 W CAPITOL DR,MKE",7,BUSINESS CHECK,Assignment Completed
190640111-Assignment Completed,190640111,2019-03-05 01:06:57,"5123 W VILLARD AV,MKE",7,BUSINESS CHECK,Assignment Completed
190640110-Service in Progress,190640110,2019-03-05 01:05:36,"W BURLEIGH ST / W APPLETON AV,MKE",7,TRAFFIC HAZARD,Service in Progress
190640108-Assignment Completed,190640108,2019-03-05 01:05:21,"3045 N BUFFUM ST,MKE",5,TRAFFIC STOP,Assignment Completed
190640098-Assignment Completed,190640098,2019-03-05 00:58:17,"4600 W STATE ST,MKE",3,PATROL,Assignment Completed
190640093-Assignment Completed,190640093,2019-03-05 00:57:07,"2900 S 10TH ST,MKE",6,PATROL,Assignment Completed
190640045-To be Filed,190640045,2019-03-05 00:53:13,"2423 N MURRAY AV,MKE",1,ACC PDO,To be Filed
190640078-Advised,190640078,2019-03-05 00:52:45,"4649 N 28TH ST,MKE",5,TRBL W/SUBJ-DV,Advised
190640082-City Citation(s) Issued,190640082,2019-03-05 00:52:35,"S 19TH ST / W BURNHAM ST,MKE",2,TRAFFIC STOP,City Citation(s) Issued
190640055-To be Filed,190640055,2019-03-05 00:37:26,"2637 N 29TH ST,MKE",3,ASSIGNMENT,To be Filed
190640123-Assignment Completed,190640123,2019-03-05 01:14:59,"2700 W TOWNSEND ST,MKE",5,INVESTIGATION,Assignment Completed
190640122-Service in Progress,190640122,2019-03-05 01:14:34,"3500 W MOTHER DANIELS WA,MKE",7,BUSINESS CHECK,Service in Progress
190640118-Service in Progress,190640118,2019-03-05 01:14:16,"6000 N 63RD ST,MKE",4,BATTERY DV,Service in Progress
190640121-Service in Progress,190640121,2019-03-05 01:14:09,"1500 W BECHER ST,MKE",2,PATROL,Service in Progress
190640112-Advised,190640112,2019-03-05 01:13:46,"4811 N TEUTONIA AV,MKE",7,TRBL W/SUBJ,Advised
190640117-Advised,190640117,2019-03-05 01:12:16,"N PALMER ST / E BURLEIGH ST,MKE",5,TRAFFIC STOP,Advised
190640116-Assignment Completed,190640116,2019-03-05 01:11:48,"4200-BLK N 84TH ST,MKE",7,INVESTIGATION,Assignment Completed
190640114-Assignment Completed,190640114,2019-03-05 01:08:57,"4427 N GREEN BAY AV,MKE",5,BUSINESS CHECK,Assignment Completed
190640110-Assignment Completed,190640110,2019-03-05 01:05:36,"W BURLEIGH ST / W APPLETON AV,MKE",7,TRAFFIC HAZARD,Assignment Completed
190640103-Advised,190640103,2019-03-05 01:03:10,"5742 N 79TH ST,MKE",4,SUBJ WITH WEAPON,Advised
190640129-Service in Progress,190640129,2019-03-05 01:19:32,"2950 S CHASE AV,MKE",6,PATROL,Service in Progress
190640128-Service in Progress,190640128,2019-03-05 01:17:51,"360 N PLANKINTON AV,MKE",1,WELFARE CITIZEN,Service in Progress
190640127-Service in Progress,190640127,2019-03-05 01:15:40,"N 91ST ST / W CAPITOL DR,MKE",7,BUSINESS CHECK,Service in Progress
190640120-Service in Progress,190640120,2019-03-05 01:15:20,"1626 N PROSPECT AV,MKE",1,BATTERY DV,Service in Progress
190640126-Service in Progress,190640126,2019-03-05 01:15:15,"7400 W OKLAHOMA AV,WA",6,PATROL,Service in Progress
190640050-Advised,190640050,2019-03-05 00:33:25,"W APPLETON AV / W NASH ST,MKE",7,TRAFFIC STOP,Advised
190640134-Service in Progress,190640134,2019-03-05 01:22:57,"4045 N 49TH ST,MKE",7,ABDUCTION,Service in Progress
190640135-Assignment Completed,190640135,2019-03-05 01:22:45,"4800 S 6TH ST,MKE",6,PATROL,Assignment Completed
190640131-Service in Progress,190640131,2019-03-05 01:22:15,"245 W LINCOLN AV,MKE",2,MED RUN,Service in Progress
190640133-Assignment Completed,190640133,2019-03-05 01:22:05,"5600 W CAPITOL DR,MKE",7,RETURN STATION,Assignment Completed
190640132-Assignment Completed,190640132,2019-03-05 01:21:53,"5730 W CAPITOL DR,MKE",7,BUSINESS CHECK,Assignment Completed
190640129-Assignment Completed,190640129,2019-03-05 01:19:32,"2950 S CHASE AV,MKE",6,PATROL,Assignment Completed
190640127-Assignment Completed,190640127,2019-03-05 01:15:40,"N 91ST ST / W CAPITOL DR,MKE",7,BUSINESS CHECK,Assignment Completed
190640122-Assignment Completed,190640122,2019-03-05 01:14:34,"3500 W MOTHER DANIELS WA,MKE",7,BUSINESS CHECK,Assignment Completed
190640121-Assignment Completed,190640121,2019-03-05 01:14:09,"1500 W BECHER ST,MKE",2,PATROL,Assignment Completed
190640145-Advised,190640145,2019-03-05 01:29:43,"6200 S 13TH ST,MKE",6,INJ PERSON/SICK,Advised
190640144-Service in Progress,190640144,2019-03-05 01:28:40,"1868 N 40TH ST,MKE",3,INVESTIGATION,Service in Progress
190640142-Assignment Completed,190640142,2019-03-05 01:27:49,"749 W STATE ST,MKE",1,ASSIGNMENT,Assignment Completed
190640141-Assignment Completed,190640141,2019-03-05 01:27:08,"N PLANKINTON AV / W WELLS ST,MKE",1,CITIZEN CONTACT,Assignment Completed
190640140-Advised,190640140,2019-03-05 01:26:54,"3776 S 17TH ST,MKE",6,INVESTIGATION,Advised
190640138-Assignment Completed,190640138,2019-03-05 01:26:05,"8400 W CAPITOL DR,MKE",7,BUSINESS CHECK,Assignment Completed
190640136-Service in Progress,190640136,2019-03-05 01:25:01,"2973 W BROWN ST,MKE",3,BATTERY,Service in Progress
190640080-Assignment Completed,190640080,2019-03-05 00:51:56,"2920 N VEL R PHILLIPS AV,MKE",5,PRISONER TRANS,Assignment Completed
190640149-Assignment Completed,190640149,2019-03-05 01:34:10,"1035 S CESAR E CHAVEZ DR,MKE",2,BUSINESS CHECK,Assignment Completed
190640139-Service in Progress,190640139,2019-03-05 01:34:00,"6403 W KEEFE AVENUE PK,MKE",7,STOLEN VEHICLE,Service in Progress
190640146-Assignment Completed,190640146,2019-03-05 01:30:18,"4216 N 27TH ST,MKE",5,TRAFFIC STOP,Assignment Completed
190640159-Service in Progress,190640159,2019-03-05 01:39:40,"7600 W CAPITOL DR,MKE",7,BUSINESS CHECK,Service in Progress
190640158-Assignment Completed,190640158,2019-03-05 01:39:23,"6929 W SILVER SPRING DR,MKE",4,POLICE ADMIN,Assignment Completed
190640156-City Citation(s) Issued,190640156,2019-03-05 01:37:56,"1548 S MUSKEGO AV,MKE",2,TRAFFIC STOP,City Citation(s) Issued
190640155-Assignment Completed,190640155,2019-03-05 01:37:35,"3239 N 9TH ST,MKE",5,SCHL PERIMETER,Assignment Completed
190640153-Assignment Completed,190640153,2019-03-05 01:35:26,"3800-BLK S 17TH ST,MKE",6,PATROL,Assignment Completed
190640144-Assignment Completed,190640144,2019-03-05 01:28:40,"1868 N 40TH ST,MKE",3,INVESTIGATION,Assignment Completed
190640136-Assignment Completed,190640136,2019-03-05 01:25:01,"2973 W BROWN ST,MKE",3,BATTERY,Assignment Completed
190640118-Assignment Completed,190640118,2019-03-05 01:14:16,"6000 N 63RD ST,MKE",4,BATTERY DV,Assignment Completed
190640088-City Citation(s) Issued,190640088,2019-03-05 00:57:29,"3609 N 76TH ST,MKE",7,BATTERY,City Citation(s) Issued
190640071-To be Filed,190640071,2019-03-05 00:48:18,"245 W LINCOLN AV,MKE",2,REPORTS,To be Filed
190640167-Assignment Completed,190640167,2019-03-05 01:44:25,"1800 W STATE ST,MKE",3,PATROL,Assignment Completed
190640166-Service in Progress,190640166,2019-03-05 01:43:53,"3500 N 6TH ST,MKE",5,PARK AND WALK,Service in Progress
190640163-Assignment Completed,190640163,2019-03-05 01:42:49,"5429 S 7TH ST,MKE",6,PATROL,Assignment Completed
190640162-Service in Progress,190640162,2019-03-05 01:42:09,"2920 N VEL R PHILLIPS AV,MKE",5,ASSIGNMENT,Service in Progress
190640161-Service in Progress,190640161,2019-03-05 01:42:04,"4834 N MOTHER DANIELS WA,MKE",7,BUSINESS CHECK,Service in Progress
190640152-Unable to Locate Complainant,190640152,2019-03-05 01:40:46,"4751 N 35TH ST,MKE",7,SUBJ WANTED,Unable to Locate Complainant
190640157-Advised,190640157,2019-03-05 01:40:06,"4649 N 28TH ST,MKE",5,TRBL W/SUBJ-DV,Advised
190640136-Advised/Referral,190640136,2019-03-05 01:25:01,"2973 W BROWN ST,MKE",3,BATTERY,Advised/Referral
190640126-Assignment Completed,190640126,2019-03-05 01:15:15,"7400 W OKLAHOMA AV,WA",6,PATROL,Assignment Completed
190640087-No Prosecution,190640087,2019-03-05 01:04:30,"4887 N 65TH ST,MKE",7,BATTERY,No Prosecution
190640172-Service in Progress,190640172,2019-03-05 01:49:13,"1254 N 35TH ST,MKE",3,BUSINESS CHECK,Service in Progress
190640171-Assignment Completed,190640171,2019-03-05 01:48:38,"5400 W CUSTER AV,MKE",4,PATROL,Assignment Completed
190640170-Service in Progress,190640170,2019-03-05 01:48:13,"2402 W CAPITOL DR,MKE",5,BUSINESS CHECK,Service in Progress
190640169-Assignment Completed,190640169,2019-03-05 01:47:46,"1401 W MITCHELL ST,MKE",2,BUSINESS CHECK,Assignment Completed
190640161-Assignment Completed,190640161,2019-03-05 01:42:04,"4834 N MOTHER DANIELS WA,MKE",7,BUSINESS CHECK,Assignment Completed
190640159-Assignment Completed,190640159,2019-03-05 01:39:40,"7600 W CAPITOL DR,MKE",7,BUSINESS CHECK,Assignment Completed
190640146-Advised,190640146,2019-03-05 01:30:18,"4216 N 27TH ST,MKE",5,TRAFFIC STOP,Advised
190640180-Service in Progress,190640180,2019-03-05 01:55:00,"1434 S 7TH ST,MKE",2,SHOTS FIRED,Service in Progress
190640181-Advised,190640181,2019-03-05 01:54:41,"650 W DAKOTA ST,MKE",6,TS TARGETED,Advised
190640179-Assignment Completed,190640179,2019-03-05 01:53:55,"2200 S ROBINSON AV,MKE",6,PATROL,Assignment Completed
190640178-Assignment Completed,190640178,2019-03-05 01:53:52,"5310 W CENTER ST,MKE",7,BUSINESS CHECK,Assignment Completed
190640177-Assignment Completed,190640177,2019-03-05 01:51:28,"2800 S 9TH ST,MKE",6,PATROL,Assignment Completed
190640175-Service in Progress,190640175,2019-03-05 01:50:35,"2000 W CAPITOL DR,MKE",5,INVESTIGATION,Service in Progress
190640173-Service in Progress,190640173,2019-03-05 01:50:24,"2920 N VEL R PHILLIPS AV,MKE",5,REPORTS,Service in Progress
190640174-Assignment Completed,190640174,2019-03-05 01:50:24,"1316 S CESAR E CHAVEZ DR,MKE",2,TRAFFIC STOP,Assignment Completed
190640172-Assignment Completed,190640172,2019-03-05 01:49:13,"1254 N 35TH ST,MKE",3,BUSINESS CHECK,Assignment Completed
190640170-Assignment Completed,190640170,2019-03-05 01:48:13,"2402 W CAPITOL DR,MKE",5,BUSINESS CHECK,Assignment Completed
190640162-Assignment Completed,190640162,2019-03-05 01:42:09,"2920 N VEL R PHILLIPS AV,MKE",5,ASSIGNMENT,Assignment Completed
190640134-Assignment Completed,190640134,2019-03-05 01:22:57,"4045 N 49TH ST,MKE",7,ABDUCTION,Assignment Completed
190640128-Assignment Completed,190640128,2019-03-05 01:17:51,"360 N PLANKINTON AV,MKE",1,WELFARE CITIZEN,Assignment Completed
190640194-Advised,190640194,2019-03-05 01:59:46,"600 W LAYTON AV,MKE",6,TRAFFIC STOP,Advised
190640193-Service in Progress,190640193,2019-03-05 01:59:41,"N EDISON ST / E JUNEAU AV,MKE",1,PARK AND WALK,Service in Progress
190640187-Unable to Locate Complainant,190640187,2019-03-05 01:59:20,"W SILVER SPRING DR / N 107TH ST,MKE",4,RECKLESS VEHICLE,Unable to Locate Complainant
190640192-Service in Progress,190640192,2019-03-05 01:59:20,"2333 N 49TH ST,MKE",3,RETURN STATION,Service in Progress
190640191-Service in Progress,190640191,2019-03-05 01:59:14,"3626 W FOND DU LAC AV,MKE",7,REPORTS,Service in Progress
190640190-Assignment Completed,190640190,2019-03-05 01:58:38,"841 W LAYTON AV,MKE",6,BUSINESS CHECK,Assignment Completed
190640189-Assignment Completed,190640189,2019-03-05 01:57:48,"4833 W BURLEIGH ST,MKE",7,BUSINESS CHECK,Assignment Completed
190640186-Assignment Completed,190640186,2019-03-05 01:57:01,"500 W LAYTON AV,MKE",6,PATROL,Assignment Completed
190640184-Service in Progress,190640184,2019-03-05 01:56:58,"4118 W HAMPTON AV,MKE",7,CALL FOR POLICE,Service in Progress
190640183-Assignment Completed,190640183,2019-03-05 01:55:15,"2700 W BURNHAM ST,MKE",2,PATROL,Assignment Completed
190640202-Service in Progress,190640202,2019-03-05 02:04:58,"3626 W FOND DU LAC AV,MKE",7,REPORTS,Service in Progress
190640201-Service in Progress,190640201,2019-03-05 02:04:36,"3626 W FOND DU LAC AV,MKE",7,REPORTS,Service in Progress
190640197-Service in Progress,190640197,2019-03-05 02:02:25,"5240 N 45TH ST,MKE",4,SUSP PERS/AUTO,Service in Progress
190640199-Assignment Completed,190640199,2019-03-05 02:01:10,"6929 W SILVER SPRING DR,MKE",4,VEHICLE MAINT,Assignment Completed
190640198-Assignment Completed,190640198,2019-03-05 02:00:54,"4700 W CLEVELAND AV,MKE",6,PATROL,Assignment Completed
190640196-Service in Progress,190640196,2019-03-05 02:00:32,"2333 N 49TH ST,MKE",3,RETURN STATION,Service in Progress
190640195-To be Filed,190640195,2019-03-05 02:00:29,"245 W LINCOLN AV,MKE",2,REPORTS,To be Filed
190640175-Assignment Completed,190640175,2019-03-05 01:50:35,"2000 W CAPITOL DR,MKE",5,INVESTIGATION,Assignment Completed
190640166-Assignment Completed,190640166,2019-03-05 01:43:53,"3500 N 6TH ST,MKE",5,PARK AND WALK,Assignment Completed
190640206-Service in Progress,190640206,2019-03-05 02:09:06,"6413 N 42ND ST,MKE",4,TRBL W/SUBJ,Service in Progress
190640209-Assignment Completed,190640209,2019-03-05 02:08:13,"200 W MAPLE ST,MKE",2,PATROL,Assignment Completed
190640208-Service in Progress,190640208,2019-03-05 02:08:01,"3626 W FOND DU LAC AV,MKE",7,REPORTS,Service in Progress
190640205-Service in Progress,190640205,2019-03-05 02:06:58,"2333 N 49TH ST,MKE",3,RETURN STATION,Service in Progress
190640204-Assignment Completed,190640204,2019-03-05 02:06:08,"4600 S 6TH ST,MKE",6,BUSINESS CHECK,Assignment Completed
190640203-Service in Progress,190640203,2019-03-05 02:05:25,"3725 W GARFIELD AV,MKE",3,INVESTIGATION,Service in Progress
190640218-Assignment Completed,190640218,2019-03-05 02:14:43,"2625 W NATIONAL AV,MKE",2,BUSINESS CHECK,Assignment Completed
190640210-Service in Progress,190640210,2019-03-05 02:14:32,"4811 N TEUTONIA AV,MKE",7,TRBL W/SUBJ,Service in Progress
190640217-Service in Progress,190640217,2019-03-05 02:13:33,"2300 W LAYTON AV,MKE",6,TRAFFIC STOP,Service in Progress
190640216-Assignment Completed,190640216,2019-03-05 02:11:37,"4834 N MOTHER DANIELS WA,MKE",7,BUSINESS CHECK,Assignment Completed
190640213-Assignment Completed,190640213,2019-03-05 02:10:44,"3006 S 27TH ST,MKE",6,RETURN STATION,Assignment Completed
190640212-Service in Progress,190640212,2019-03-05 02:10:42,"3872 N 37TH ST,MKE",7,SUBJ WANTED,Service in Progress
190640193-Assignment Completed,190640193,2019-03-05 01:59:41,"N EDISON ST / E JUNEAU AV,MKE",1,PARK AND WALK,Assignment Completed
190640192-Assignment Completed,190640192,2019-03-05 01:59:20,"2333 N 49TH ST,MKE",3,RETURN STATION,Assignment Completed
190640180-Assignment Completed,190640180,2019-03-05 01:55:00,"1434 S 7TH ST,MKE",2,SHOTS FIRED,Assignment Completed
190640227-Advised,190640227,2019-03-05 02:19:57,"3941 N 60TH ST,MKE",7,TRAFFIC STOP,Advised
190640226-Assignment Completed,190640226,2019-03-05 02:19:50,"N 7TH ST / W RESERVOIR AV,MKE",5,PARK AND WALK,Assignment Completed
190640207-Service in Progress,190640207,2019-03-05 02:18:40,"6030 W CALUMET RD,MKE",4,RECK USE OF WEAP,Service in Progress
190640225-Unable to Locate Complainant,190640225,2019-03-05 02:18:36,"S 27TH ST / W LINCOLN AV,MKE",2,RECKLESS VEHICLE,Unable to Locate Complainant
190640222-Assignment Completed,190640222,2019-03-05 02:17:09,"4925 S HOWELL AV,MKE",6,BUSINESS CHECK,Assignment Completed
190640223-Assignment Completed,190640223,2019-03-05 02:17:09,"3006 S 27TH ST,MKE",6,POLICE ADMIN,Assignment Completed
190640220-Service in Progress,190640220,2019-03-05 02:16:58,"3609 N 76TH ST,MKE",7,TRBL W/SUBJ,Service in Progress
190640219-Service in Progress,190640219,2019-03-05 02:15:17,"3626 W FOND DU LAC AV,MKE",7,REPORTS,Service in Progress
190640214-Assignment Completed,190640214,2019-03-05 02:10:58,"2500 N DOWNER AV,MKE",1,PATROL,Assignment Completed
190640203-Assignment Completed,190640203,2019-03-05 02:05:25,"3725 W GARFIELD AV,MKE",3,INVESTIGATION,Assignment Completed
190640202-Assignment Completed,190640202,2019-03-05 02:04:58,"3626 W FOND DU LAC AV,MKE",7,REPORTS,Assignment Completed
190640197-Unable to Locate Complainant,190640197,2019-03-05 02:02:25,"5240 N 45TH ST,MKE",4,SUSP PERS/AUTO,Unable to Locate Complainant
190640196-Assignment Completed,190640196,2019-03-05 02:00:32,"2333 N 49TH ST,MKE",3,RETURN STATION,Assignment Completed
190640134-Unable to Locate Complainant,190640134,2019-03-05 01:22:57,"4045 N 49TH ST,MKE",7,ABDUCTION,Unable to Locate Complainant
190640232-Assignment Completed,190640232,2019-03-05 02:23:48,"3006 S 27TH ST,MKE",6,POLICE ADMIN,Assignment Completed
190640231-Assignment Completed,190640231,2019-03-05 02:23:45,"1802 S 16TH ST,MKE",2,TRAFFIC STOP,Assignment Completed
190640230-Assignment Completed,190640230,2019-03-05 02:22:26,"500 E LAYTON AV,MKE",6,PATROL,Assignment Completed
190640229-Service in Progress,190640229,2019-03-05 02:21:45,"2920 N VEL R PHILLIPS AV,MKE",5,PRISONER TRANS,Service in Progress
190640191-To be Filed,190640191,2019-03-05 01:59:14,"3626 W FOND DU LAC AV,MKE",7,REPORTS,To be Filed
190640235-Assignment Completed,190640235,2019-03-05 02:28:48,"8431 W APPLETON AV,MKE",7,BUSINESS CHECK,Assignment Completed
190640233-Unable to Locate Complainant,190640233,2019-03-05 02:27:59,"503 N 28TH ST,MKE",3,TRBL W/SUBJ,Unable to Locate Complainant
190640219-Assignment Completed,190640219,2019-03-05 02:15:17,"3626 W FOND DU LAC AV,MKE",7,REPORTS,Assignment Completed
190640210-Unable to Locate Complainant,190640210,2019-03-05 02:14:32,"4811 N TEUTONIA AV,MKE",7,TRBL W/SUBJ,Unable to Locate Complainant
190640217-Assignment Completed,190640217,2019-03-05 02:13:33,"2300 W LAYTON AV,MKE",6,TRAFFIC STOP,Assignment Completed
190640184-Assignment Completed,190640184,2019-03-05 01:56:58,"4118 W HAMPTON AV,MKE",7,CALL FOR POLICE,Assignment Completed
190640139-To be Filed,190640139,2019-03-05 01:34:00,"6403 W KEEFE AVENUE PK,MKE",7,STOLEN VEHICLE,To be Filed
190640238-Service in Progress,190640238,2019-03-05 02:34:30,"2920 N VEL R PHILLIPS AV,MKE",5,ASSIGNMENT,Service in Progress
190640236-Assignment Completed,190640236,2019-03-05 02:30:41,"3006 S 27TH ST,MKE",6,POLICE ADMIN,Assignment Completed
190640208-Assignment Completed,190640208,2019-03-05 02:08:01,"3626 W FOND DU LAC AV,MKE",7,REPORTS,Assignment Completed
190640205-Assignment Completed,190640205,2019-03-05 02:06:58,"2333 N 49TH ST,MKE",3,RETURN STATION,Assignment Completed
190640173-To be Filed,190640173,2019-03-05 01:50:24,"2920 N VEL R PHILLIPS AV,MKE",5,REPORTS,To be Filed
190640246-Service in Progress,190640246,2019-03-05 02:39:57,"2510 N 12TH ST,MKE",3,INVESTIGATION,Service in Progress
190640241-Service in Progress,190640241,2019-03-05 02:39:43,"2333 N 49TH ST,MKE",3,PRISONER TRANS,Service in Progress
190640245-Service in Progress,190640245,2019-03-05 02:39:14,"9200 W BLUE MOUND RD,MKE",3,BUSINESS CHECK,Service in Progress
190640239-Service in Progress,190640239,2019-03-05 02:38:50,"3247 N BARTLETT AV,MKE",1,CALL FOR POLICE,Service in Progress
190640243-Assignment Completed,190640243,2019-03-05 02:37:52,"818 W ATKINSON AV,MKE",5,BUSINESS CHECK,Assignment Completed
190640242-Service in Progress,190640242,2019-03-05 02:37:10,"1300 W CONGRESS ST,MKE",5,PATROL,Service in Progress
190640240-Assignment Completed,190640240,2019-03-05 02:36:35,"2012 W CAPITOL DR,MKE",5,BUSINESS CHECK,Assignment Completed
190640254-Service in Progress,190640254,2019-03-05 02:44:53,"2333 N 49TH ST,MKE",3,REPORTS,Service in Progress
190640252-Assignment Completed,190640252,2019-03-05 02:41:43,"721 W ATKINSON AV,MKE",5,TRAFFIC STOP,Assignment Completed
190640251-Assignment Completed,190640251,2019-03-05 02:41:25,"3500 N 76TH ST,MKE",7,BUSINESS CHECK,Assignment Completed
190640250-Service in Progress,190640250,2019-03-05 02:41:21,"3900 S 60TH ST,MKE",6,PATROL,Service in Progress
190640248-Assignment Completed,190640248,2019-03-05 02:40:48,"4200 W VILLARD AV,MKE",4,PATROL,Assignment Completed
190640242-Assignment Completed,190640242,2019-03-05 02:37:10,"1300 W CONGRESS ST,MKE",5,PATROL,Assignment Completed
190640217-City Citation(s) Issued,190640217,2019-03-05 02:13:33,"2300 W LAYTON AV,MKE",6,TRAFFIC STOP,City Citation(s) Issued
190640206-Advised,190640206,2019-03-05 02:09:06,"6413 N 42ND ST,MKE",4,TRBL W/SUBJ,Advised
190640259-Advised,190640259,2019-03-05 02:48:27,"3624 N 22ND ST,MKE",5,TRAFFIC STOP,Advised
190640258-Service in Progress,190640258,2019-03-05 02:48:23,"3609 N 76TH ST,MKE",7,CALL FOR POLICE,Service in Progress
190640257-Assignment Completed,190640257,2019-03-05 02:47:04,"5120 W CAPITOL DR,MKE",7,BUSINESS CHECK,Assignment Completed
190640255-Assignment Completed,190640255,2019-03-05 02:45:12,"2999 N HUMBOLDT BL,MKE",5,BUSINESS CHECK,Assignment Completed
190640245-Assignment Completed,190640245,2019-03-05 02:39:14,"9200 W BLUE MOUND RD,MKE",3,BUSINESS CHECK,Assignment Completed
190640266-Assignment Completed,190640266,2019-03-05 02:54:18,"3006 S 27TH ST,MKE",6,RETURN STATION,Assignment Completed
190640262-Service in Progress,190640262,2019-03-05 02:53:47,"3933 N 41ST ST,MKE",7,ACC PDO,Service in Progress
190640265-Advised,190640265,2019-03-05 02:53:23,"818 W ATKINSON AV,MKE",5,TRAFFIC STOP,Advised
190640264-City Citation(s) Issued,190640264,2019-03-05 02:51:58,"2200-BLK S 13TH ST,MKE",2,TRAFFIC STOP,City Citation(s) Issued
190640263-Service in Progress,190640263,2019-03-05 02:51:00,"2900 S 11TH ST,MKE",6,PATROL,Service in Progress
190640261-Assignment Completed,190640261,2019-03-05 02:50:18,"3425 W OKLAHOMA AV,MKE",6,BUSINESS CHECK,Assignment Completed
190640268-Service in Progress,190640268,2019-03-05 02:57:30,"835 N 23RD ST,MKE",3,SUSPICIOUS-OTH,Service in Progress
190640269-Assignment Completed,190640269,2019-03-05 02:56:43,"6929 W SILVER SPRING DR,MKE",4,RETURN STATION,Assignment Completed
190640272-Assignment Completed,190640272,2019-03-05 03:04:10,"369 E OKLAHOMA AV,MKE",6,BUSINESS CHECK,Assignment Completed
190640271-Assignment Completed,190640271,2019-03-05 03:02:01,"3524 W BURNHAM ST,MKE",2,BUSINESS CHECK,Assignment Completed
190640270-Service in Progress,190640270,2019-03-05 03:01:28,"2612 W STATE ST,MKE",3,SUBJ WANTED,Service in Progress
190640246-Assignment Completed,190640246,2019-03-05 02:39:57,"2510 N 12TH ST,MKE",3,INVESTIGATION,Assignment Completed
190640276-Assignment Completed,190640276,2019-03-05 03:07:48,"1225 W LINCOLN AV,MKE",2,BUSINESS CHECK,Assignment Completed
190640273-Assignment Completed,190640273,2019-03-05 03:05:16,"6680 N TEUTONIA AV,MKE",4,RETURN STATION,Assignment Completed
190640260-Unable to Locate Complainant,190640260,2019-03-05 03:05:01,"4624 S 20TH ST,MKE",6,FAMILY TROUBLE,Unable to Locate Complainant
190640268-Unable to Locate Complainant,190640268,2019-03-05 02:57:30,"835 N 23RD ST,MKE",3,SUSPICIOUS-OTH,Unable to Locate Complainant
190640250-Assignment Completed,190640250,2019-03-05 02:41:21,"3900 S 60TH ST,MKE",6,PATROL,Assignment Completed
190640278-Unable to Locate Complainant,190640278,2019-03-05 03:10:30,"2466 N 54TH ST,MKE",3,LOOSE ANIMAL,Unable to Locate Complainant
190640270-Unable to Locate Complainant,190640270,2019-03-05 03:01:28,"2612 W STATE ST,MKE",3,SUBJ WANTED,Unable to Locate Complainant
190640262-Advised,190640262,2019-03-05 02:53:47,"3933 N 41ST ST,MKE",7,ACC PDO,Advised
190640263-Assignment Completed,190640263,2019-03-05 02:51:00,"2900 S 11TH ST,MKE",6,PATROL,Assignment Completed
190640286-Service in Progress,190640286,2019-03-05 03:17:40,"1801 W OLIVE ST,MKE",5,SCHL PERIMETER,Service in Progress
190640281-Assignment Completed,190640281,2019-03-05 03:17:30,"7525 W GOOD HOPE RD,MKE",4,BURG/AUD BUSINES,Assignment Completed
190640284-Service in Progress,190640284,2019-03-05 03:15:44,"5602 W VLIET ST,MKE",3,BUSINESS CHECK,Service in Progress
190640282-Assignment Completed,190640282,2019-03-05 03:15:37,"4129 N 51ST BL,MKE",7,PROPERTY PICKUP,Assignment Completed
190640283-Assignment Completed,190640283,2019-03-05 03:15:26,"1401 W MITCHELL ST,MKE",2,BUSINESS CHECK,Assignment Completed
190640285-Service in Progress,190640285,2019-03-05 03:22:55,"5241 N 33RD ST,MKE",4,TRBL W/SUBJ-DV,Service in Progress
190640287-Assignment Completed,190640287,2019-03-05 03:22:06,"7600 W CAPITOL DR,MKE",7,BUSINESS CHECK,Assignment Completed
190640286-Assignment Completed,190640286,2019-03-05 03:17:40,"1801 W OLIVE ST,MKE",5,SCHL PERIMETER,Assignment Completed
190640284-Assignment Completed,190640284,2019-03-05 03:15:44,"5602 W VLIET ST,MKE",3,BUSINESS CHECK,Assignment Completed
190640241-Assignment Completed,190640241,2019-03-05 02:39:43,"2333 N 49TH ST,MKE",3,PRISONER TRANS,Assignment Completed
190640292-Assignment Completed,190640292,2019-03-05 03:29:39,"3407 N 13TH ST,MKE",5,VACANT HOUSE CHK,Assignment Completed
190640291-Assignment Completed,190640291,2019-03-05 03:29:38,"2450 W CENTER ST,MKE",5,PARK AND WALK,Assignment Completed
190640290-Assignment Completed,190640290,2019-03-05 03:28:42,"1822 W ARTHUR AV,MKE",2,PATROL,Assignment Completed
190640297-Service in Progress,190640297,2019-03-05 03:34:39,"2300 W WELLS ST,MKE",3,PATROL,Service in Progress
190640296-Assignment Completed,190640296,2019-03-05 03:33:03,"245 W LINCOLN AV,MKE",2,REPORTS,Assignment Completed
190640295-Assignment Completed,190640295,2019-03-05 03:33:02,"800 E OKLAHOMA AV,MKE",6,PATROL,Assignment Completed
190640294-Service in Progress,190640294,2019-03-05 03:32:30,"6800 W FOREST HOME AV,MKE",6,PATROL,Service in Progress
190640293-Assignment Completed,190640293,2019-03-05 03:32:23,"2300 W WELLS ST,MKE",3,PATROL,Assignment Completed
190640288-Advised,190640288,2019-03-05 03:31:23,"306 W MITCHELL ST,MKE",2,SUSP PERS/AUTO,Advised
190640281-Advised/Referral,190640281,2019-03-05 03:17:30,"7525 W GOOD HOPE RD,MKE",4,BURG/AUD BUSINES,Advised/Referral
190640298-Service in Progress,190640298,2019-03-05 03:39:40,"N SWAN RD / N 91ST ST,MKE",4,ACC PDO,Service in Progress
190640294-Assignment Completed,190640294,2019-03-05 03:32:30,"6800 W FOREST HOME AV,MKE",6,PATROL,Assignment Completed
190640285-Advised,190640285,2019-03-05 03:22:55,"5241 N 33RD ST,MKE",4,TRBL W/SUBJ-DV,Advised
190640301-Advised,190640301,2019-03-05 03:40:44,"1830 W CENTER ST,MKE",5,TRAFFIC STOP,Advised
190640300-Service in Progress,190640300,2019-03-05 03:40:09,"3006 S 27TH ST,MKE",6,RETURN STATION,Service in Progress
190640307-Assignment Completed,190640307,2019-03-05 03:49:03,"2900 S 47TH ST,MKE",6,PATROL,Assignment Completed
190640306-Assignment Completed,190640306,2019-03-05 03:48:00,"N 12TH ST / W KEEFE AV,MKE",5,PARK AND WALK,Assignment Completed
190640304-Assignment Completed,190640304,2019-03-05 03:45:17,"245 W LINCOLN AV,MKE",2,RETURN STATION,Assignment Completed
190640298-Assignment Completed,190640298,2019-03-05 03:39:40,"N SWAN RD / N 91ST ST,MKE",4,ACC PDO,Assignment Completed
190640312-Assignment Completed,190640312,2019-03-05 03:53:30,"N 7TH ST / W KEEFE AV,MKE",5,PARK AND WALK,Assignment Completed
190640313-Service in Progress,190640313,2019-03-05 03:53:30,"245 W LINCOLN AV,MKE",2,PRISONER TRANS,Service in Progress
190640311-Unable to Locate Complainant,190640311,2019-03-05 03:53:01,"4128 W BURLEIGH ST,MKE",7,SHOTS FIRED,Unable to Locate Complainant
190640310-Service in Progress,190640310,2019-03-05 03:52:37,"1872 N COMMERCE ST,MKE",5,BUSINESS CHECK,Service in Progress
190640309-Assignment Completed,190640309,2019-03-05 03:51:47,"1600 W ROGERS ST,MKE",2,PATROL,Assignment Completed
190640308-Assignment Completed,190640308,2019-03-05 03:51:08,"5200 W VLIET ST,MKE",3,PATROL,Assignment Completed
190640300-Assignment Completed,190640300,2019-03-05 03:40:09,"3006 S 27TH ST,MKE",6,RETURN STATION,Assignment Completed
190640315-Advised,190640315,2019-03-05 03:55:56,"N SHERMAN BL / W ROOSEVELT DR,MKE",7,TRAFFIC STOP,Advised
190640322-Service in Progress,190640322,2019-03-05 04:03:17,"7800 W GOOD HOPE RD,MKE",4,TRAFFIC HAZARD,Service in Progress
190640314-Advised,190640314,2019-03-05 04:02:21,"509 W WISCONSIN AV,MKE",1,TRBL W/SUBJ,Advised
190640321-Assignment Completed,190640321,2019-03-05 04:01:57,"2700 N 21ST ST,MKE",5,PARK AND WALK,Assignment Completed
190640320-Service in Progress,190640320,2019-03-05 04:00:30,"3620 N 18TH ST,MKE",5,SCHL PERIMETER,Service in Progress
190640317-Service in Progress,190640317,2019-03-05 04:00:08,"2653 W NATIONAL AV,MKE",2,CALL FOR POLICE,Service in Progress
190640329-Assignment Completed,190640329,2019-03-05 04:09:36,"3006 S 27TH ST,MKE",6,RETURN STATION,Assignment Completed
190640328-Service in Progress,190640328,2019-03-05 04:08:40,"4801 N GREEN BAY AV,MKE",7,BUSINESS CHECK,Service in Progress
190640327-Assignment Completed,190640327,2019-03-05 04:05:46,"3006 S 27TH ST,MKE",6,RETURN STATION,Assignment Completed
190640326-Service in Progress,190640326,2019-03-05 04:05:17,"2908 W VILLARD AV,MKE",4,TRBL W/SUBJ,Service in Progress
190640320-Assignment Completed,190640320,2019-03-05 04:00:30,"3620 N 18TH ST,MKE",5,SCHL PERIMETER,Assignment Completed
190640317-Unable to Locate Complainant,190640317,2019-03-05 04:00:08,"2653 W NATIONAL AV,MKE",2,CALL FOR POLICE,Unable to Locate Complainant
190640310-Assignment Completed,190640310,2019-03-05 03:52:37,"1872 N COMMERCE ST,MKE",5,BUSINESS CHECK,Assignment Completed
190640330-Service in Progress,190640330,2019-03-05 04:11:21,"2753 S 57TH ST,MKE",6,FIRE,Service in Progress
190640326-Advised,190640326,2019-03-05 04:05:17,"2908 W VILLARD AV,MKE",4,TRBL W/SUBJ,Advised
190640318-Advised,190640318,2019-03-05 04:18:26,"1020 N BROADWAY,MKE",1,TRBL W/SUBJ,Advised
190640334-Service in Progress,190640334,2019-03-05 04:17:59,"S 10TH ST / W OKLAHOMA AV,MKE",6,PATROL,Service in Progress
190640332-Service in Progress,190640332,2019-03-05 04:16:42,"3626 W FOND DU LAC AV,MKE",7,CONVEY PROPERTY,Service in Progress
190640328-Assignment Completed,190640328,2019-03-05 04:08:40,"4801 N GREEN BAY AV,MKE",7,BUSINESS CHECK,Assignment Completed
190640343-Assignment Completed,190640343,2019-03-05 04:24:46,"5501 W FOND DU LAC AV,MKE",7,BUSINESS CHECK,Assignment Completed
190640341-Service in Progress,190640341,2019-03-05 04:21:44,"7900 W HOWARD AV,MKE",6,PATROL,Service in Progress
190640340-Service in Progress,190640340,2019-03-05 04:21:40,"1618 W KEEFE AV,MKE",5,SCHL PERIMETER,Service in Progress
190640339-Assignment Completed,190640339,2019-03-05 04:21:19,"3433 N 10TH ST,MKE",5,VACANT HOUSE CHK,Assignment Completed
190640338-Service in Progress,190640338,2019-03-05 04:21:12,"3006 S 27TH ST,MKE",6,RETURN STATION,Service in Progress
190640337-Assignment Completed,190640337,2019-03-05 04:20:42,"5600 W CAPITOL DR,MKE",7,RETURN STATION,Assignment Completed
190640336-Assignment Completed,190640336,2019-03-05 04:20:24,"3626 W FOND DU LAC AV,MKE",7,RETURN STATION,Assignment Completed
190640351-Assignment Completed,190640351,2019-03-05 04:29:10,"2025 S KINNICKINNIC AV,MKE",2,BUSINESS CHECK,Assignment Completed
190640350-Assignment Completed,190640350,2019-03-05 04:28:38,"245 W LINCOLN AV,MKE",2,REPORTS,Assignment Completed
190640349-Service in Progress,190640349,2019-03-05 04:28:13,"3006 S 27TH ST,MKE",6,RETURN STATION,Service in Progress
190640347-Assignment Completed,190640347,2019-03-05 04:27:25,"3139 N 12TH ST,MKE",5,VACANT HOUSE CHK,Assignment Completed
190640345-Assignment Completed,190640345,2019-03-05 04:26:38,"9208 W CAPITOL DR,MKE",7,BUSINESS CHECK,Assignment Completed
190640332-Assignment Completed,190640332,2019-03-05 04:16:42,"3626 W FOND DU LAC AV,MKE",7,CONVEY PROPERTY,Assignment Completed
190640354-Service in Progress,190640354,2019-03-05 04:32:47,"3006 S 27TH ST,MKE",6,RETURN STATION,Service in Progress
190640353-Assignment Completed,190640353,2019-03-05 04:31:33,"4115 N 56TH ST,MKE",7,RETURN STATION,Assignment Completed
190640349-Assignment Completed,190640349,2019-03-05 04:28:13,"3006 S 27TH ST,MKE",6,RETURN STATION,Assignment Completed
190640340-Assignment Completed,190640340,2019-03-05 04:21:40,"1618 W KEEFE AV,MKE",5,SCHL PERIMETER,Assignment Completed
190640338-Assignment Completed,190640338,2019-03-05 04:21:12,"3006 S 27TH ST,MKE",6,RETURN STATION,Assignment Completed
190640330-To be Filed,190640330,2019-03-05 04:11:21,"2753 S 57TH ST,MKE",6,FIRE,To be Filed
190640298-To be Filed,190640298,2019-03-05 03:39:40,"8150 N 91ST ST,MKE",4,ACC PDO,To be Filed
190640357-Service in Progress,190640357,2019-03-05 04:39:51,"1618 W KEEFE AV,MKE",5,SCHL PERIMETER,Service in Progress
190640352-Service in Progress,190640352,2019-03-05 04:35:35,"S 13TH ST / W BECHER ST,MKE",2,ACC PDO,Service in Progress
190640356-Assignment Completed,190640356,2019-03-05 04:35:30,"2707 W BURLEIGH ST,MKE",5,BUSINESS CHECK,Assignment Completed
190640355-Advised,190640355,2019-03-05 04:35:22,"1051 W RING ST,MKE",5,TRAFFIC STOP,Advised
190640341-Assignment Completed,190640341,2019-03-05 04:21:44,"7900 W HOWARD AV,MKE",6,PATROL,Assignment Completed
190640313-Assignment Completed,190640313,2019-03-05 03:53:30,"245 W LINCOLN AV,MKE",2,PRISONER TRANS,Assignment Completed
190640362-Service in Progress,190640362,2019-03-05 04:44:34,"2920 N VEL R PHILLIPS AV,MKE",5,RETURN STATION,Service in Progress
190640361-Assignment Completed,190640361,2019-03-05 04:43:52,"245 W LINCOLN AV,MKE",2,RETURN STATION,Assignment Completed
190640360-Service in Progress,190640360,2019-03-05 04:42:06,"945 N 12TH ST,MKE",3,FOLLOW UP,Service in Progress
190640358-Service in Progress,190640358,2019-03-05 04:40:34,"3100 N 27TH ST,MKE",5,PARK AND WALK,Service in Progress
190640366-Assignment Completed,190640366,2019-03-05 04:48:03,7600 W MILL RD,4,PATROL,Assignment Completed
190640363-Advised,190640363,2019-03-05 04:45:43,"3279 S 9TH PL,MKE",6,TRAFFIC STOP,Advised
190640357-Assignment Completed,190640357,2019-03-05 04:39:51,"1618 W KEEFE AV,MKE",5,SCHL PERIMETER,Assignment Completed
190640354-Assignment Completed,190640354,2019-03-05 04:32:47,"3006 S 27TH ST,MKE",6,RETURN STATION,Assignment Completed
190640367-Unable to Locate Complainant,190640367,2019-03-05 04:52:48,"2460 S 5TH PL,MKE",2,PROPERTY DAMAGE,Unable to Locate Complainant
190640369-Service in Progress,190640369,2019-03-05 04:51:55,"245 W LINCOLN AV,MKE",2,REPORTS,Service in Progress
190640362-Assignment Completed,190640362,2019-03-05 04:44:34,"2920 N VEL R PHILLIPS AV,MKE",5,RETURN STATION,Assignment Completed
190640373-Service in Progress,190640373,2019-03-05 05:03:56,"2333 N 49TH ST,MKE",3,REPORTS,Service in Progress
190640372-Assignment Completed,190640372,2019-03-05 05:00:45,"3006 S 27TH ST,MKE",6,RETURN STATION,Assignment Completed
190640380-Assignment Completed,190640380,2019-03-05 05:08:57,"2929 N HUMBOLDT BL,MKE",5,BUSINESS CHECK,Assignment Completed
190640379-Service in Progress,190640379,2019-03-05 05:08:16,"8400 W BROWN DEER RD,MKE",4,PATROL,Service in Progress
190640377-Assignment Completed,190640377,2019-03-05 05:07:41,"3006 S 27TH ST,MKE",6,RETURN STATION,Assignment Completed
190640376-Assignment Completed,190640376,2019-03-05 05:07:08,"5310 W CENTER ST,MKE",7,BUSINESS CHECK,Assignment Completed
190640375-Service in Progress,190640375,2019-03-05 05:06:26,"3102 W CAPITOL DR,MKE",5,BUSINESS CHECK,Service in Progress
190640374-Assignment Completed,190640374,2019-03-05 05:05:39,"709 E CAPITOL DR,MKE",5,BUSINESS CHECK,Assignment Completed
190640373-Assignment Completed,190640373,2019-03-05 05:03:56,"2333 N 49TH ST,MKE",3,REPORTS,Assignment Completed
190640386-Assignment Completed,190640386,2019-03-05 05:13:42,"3626 W FOND DU LAC AV,MKE",7,CITIZEN CONVEY,Assignment Completed
190640385-Assignment Completed,190640385,2019-03-05 05:13:25,"350 N PLANKINTON AV,MKE",1,BUSINESS CHECK,Assignment Completed
190640384-Advised,190640384,2019-03-05 05:12:32,"W FOND DU LAC AV / W CONCORDIA AV,MKE",7,TRAFFIC STOP,Advised
190640383-Assignment Completed,190640383,2019-03-05 05:11:56,"2701 W NATIONAL AV,MKE",2,BUS INVESTIGATIO,Assignment Completed
190640378-Service in Progress,190640378,2019-03-05 05:10:45,"306 E LOCUST ST,MKE",5,VIOL REST ORD-DV,Service in Progress
190640382-Assignment Completed,190640382,2019-03-05 05:10:29,"9100 W GOOD HOPE RD,MKE",4,PATROL,Assignment Completed
190640381-Assignment Completed,190640381,2019-03-05 05:10:02,"10831 W PARK PL,MKE",4,INVESTIGATION,Assignment Completed
190640360-Assignment Completed,190640360,2019-03-05 04:42:06,"945 N 12TH ST,MKE",3,FOLLOW UP,Assignment Completed
190640392-Service in Progress,190640392,2019-03-05 05:19:56,"207 E CAPITOL DR,MKE",5,BUSINESS CHECK,Service in Progress
190640391-Advised,190640391,2019-03-05 05:18:37,"3927 W VILLARD AV,MKE",7,WELFARE CITIZEN,Advised
190640388-Assignment Completed,190640388,2019-03-05 05:17:25,"3800 W MICHIGAN ST,MKE",3,PATROL,Assignment Completed
190640387-Assignment Completed,190640387,2019-03-05 05:15:58,"605 E LYON ST,MKE",1,BUSINESS CHECK,Assignment Completed
190640393-Service in Progress,190640393,2019-03-05 05:21:02,"800 E OKLAHOMA AV,MKE",6,PATROL,Service in Progress
190640389-Unable to Locate Complainant,190640389,2019-03-05 05:20:37,"S 19TH ST / W NATIONAL AV,MKE",2,SOLICITING,Unable to Locate Complainant
190640392-Assignment Completed,190640392,2019-03-05 05:19:56,"207 E CAPITOL DR,MKE",5,BUSINESS CHECK,Assignment Completed
190640375-Assignment Completed,190640375,2019-03-05 05:06:26,"3102 W CAPITOL DR,MKE",5,BUSINESS CHECK,Assignment Completed
190640358-Assignment Completed,190640358,2019-03-05 04:40:34,"3100 N 27TH ST,MKE",5,PARK AND WALK,Assignment Completed
190640398-Service in Progress,190640398,2019-03-05 05:28:35,"545 W LAYTON AV,MKE",6,PATROL,Service in Progress
190640397-Service in Progress,190640397,2019-03-05 05:27:02,"6000 W FLORIST AV,MKE",4,PATROL,Service in Progress
190640393-Assignment Completed,190640393,2019-03-05 05:21:02,"800 E OKLAHOMA AV,MKE",6,PATROL,Assignment Completed
190640378-Advised,190640378,2019-03-05 05:10:45,"306 E LOCUST ST,MKE",5,VIOL REST ORD-DV,Advised
190640401-Advised,190640401,2019-03-05 05:33:53,"2333 N 49TH ST,MKE",3,SUBJ WITH GUN,Advised
190640395-Service in Progress,190640395,2019-03-05 05:30:43,"3626 W FOND DU LAC AV,MKE",7,PRISONER TRANS,Service in Progress
190640397-Assignment Completed,190640397,2019-03-05 05:27:02,"6000 W FLORIST AV,MKE",4,PATROL,Assignment Completed
190640378-Assignment Completed,190640378,2019-03-05 05:10:45,"306 E LOCUST ST,MKE",5,VIOL REST ORD-DV,Assignment Completed
190640411-Assignment Completed,190640411,2019-03-05 05:37:28,"5600 W CAPITOL DR,MKE",7,RETURN STATION,Assignment Completed
190640410-Unable to Locate Complainant,190640410,2019-03-05 05:36:41,"1908 N 35TH ST,MKE",3,SHOTSPOTTER,Unable to Locate Complainant
190640407-Service in Progress,190640407,2019-03-05 05:35:57,"1911 S ALLIS ST,MKE",2,REPORTS,Service in Progress
190640406-Assignment Completed,190640406,2019-03-05 05:35:47,"5265 W FOND DU LAC AV,MKE",7,BUSINESS CHECK,Assignment Completed
190640405-Advised,190640405,2019-03-05 05:35:34,"3400 W WISCONSIN AV,MKE",3,SUBJ STOP,Advised
190640419-Assignment Completed,190640419,2019-03-05 05:44:58,"2100 N 57TH ST,MKE",3,PATROL,Assignment Completed
190640418-Service in Progress,190640418,2019-03-05 05:44:51,"5100 W HOWARD AV,MKE",6,PATROL,Service in Progress
190640415-Service in Progress,190640415,2019-03-05 05:43:58,"411 E WISCONSIN AV,MKE",1,INJ PERSON/SICK,Service in Progress
190640417-Service in Progress,190640417,2019-03-05 05:43:18,"1600 N PROSPECT AV,MKE",1,INVESTIGATION,Service in Progress
190640416-Service in Progress,190640416,2019-03-05 05:42:52,"2333 N 49TH ST,MKE",3,RETURN STATION,Service in Progress
190640414-Assignment Completed,190640414,2019-03-05 05:41:00,"6929 W SILVER SPRING DR,MKE",4,RETURN STATION,Assignment Completed
190640413-Service in Progress,190640413,2019-03-05 05:40:43,"6727 W VILLARD AV,MKE",7,BUSINESS CHECK,Service in Progress
190640398-Assignment Completed,190640398,2019-03-05 05:28:35,"545 W LAYTON AV,MKE",6,PATROL,Assignment Completed
190640421-Assignment Completed,190640421,2019-03-05 05:49:05,"N 91ST ST / W BRADLEY RD,MKE",4,ACC UNKN INJ,Assignment Completed
190640427-Service in Progress,190640427,2019-03-05 05:48:46,"4745 S PACKARD, CUDAHY",6,PROPERTY PICKUP,Service in Progress
190640426-Assignment Completed,190640426,2019-03-05 05:48:10,"6929 W SILVER SPRING DR,MKE",4,RETURN STATION,Assignment Completed
190640420-Advised,190640420,2019-03-05 05:47:01,"2836 S 11TH ST,MKE",6,TRAFFIC STOP,Advised
190640413-Assignment Completed,190640413,2019-03-05 05:40:43,"6727 W VILLARD AV,MKE",7,BUSINESS CHECK,Assignment Completed
190640379-Assignment Completed,190640379,2019-03-05 05:08:16,"8400 W BROWN DEER RD,MKE",4,PATROL,Assignment Completed
190640369-Assignment Completed,190640369,2019-03-05 04:51:55,"245 W LINCOLN AV,MKE",2,REPORTS,Assignment Completed
190640433-Service in Progress,190640433,2019-03-05 05:54:10,"3036 S 15TH PL,MKE",6,PD/OTHER IN MKE,Service in Progress
190640434-Assignment Completed,190640434,2019-03-05 05:53:51,"210 W CAPITOL DR,MKE",5,BUSINESS CHECK,Assignment Completed
190640431-Filed Driver Exchange Report,190640431,2019-03-05 05:53:07,"2470 N 51ST ST,MKE",3,ACC PDO,Filed Driver Exchange Report
190640432-Assignment Completed,190640432,2019-03-05 05:52:29,"4325 W HAMPTON AV,MKE",7,BUSINESS CHECK,Assignment Completed
190640423-Service in Progress,190640423,2019-03-05 05:50:14,"1607 S 8TH ST,MKE",2,DEAD ON ENTRY,Service in Progress
190640418-Assignment Completed,190640418,2019-03-05 05:44:51,"5100 W HOWARD AV,MKE",6,PATROL,Assignment Completed
190640416-Assignment Completed,190640416,2019-03-05 05:42:52,"2333 N 49TH ST,MKE",3,RETURN STATION,Assignment Completed
190640428-Service in Progress,190640428,2019-03-05 05:59:34,"1819 W HAYES AV,MKE",2,STOLEN VEHICLE,Service in Progress
190640439-Service in Progress,190640439,2019-03-05 05:59:27,"N SWAN RD / W COUNTY LINE RD,MKE",4,ACC PDO,Service in Progress
190640435-Service in Progress,190640435,2019-03-05 05:56:06,"7710 W VILLARD AV,MKE",4,TRBL W/SUBJ-DV,Service in Progress
190640438-Assignment Completed,190640438,2019-03-05 05:55:26,"5666 W MILL RD,MKE",4,FOLLOW UP,Assignment Completed
190640437-Service in Progress,190640437,2019-03-05 05:55:14,"2920 N VEL R PHILLIPS AV,MKE",5,REPORTS,Service in Progress
190640436-Service in Progress,190640436,2019-03-05 05:55:13,"3200 S 76TH ST,MKE",6,PATROL,Service in Progress
190640429-Service in Progress,190640429,2019-03-05 05:55:02,"2975 N 24TH PL,MKE",5,STOLEN VEHICLE,Service in Progress
190640415-Assignment Completed,190640415,2019-03-05 05:43:58,"411 E WISCONSIN AV,MKE",1,INJ PERSON/SICK,Assignment Completed
190640443-Assignment Completed,190640443,2019-03-05 06:03:37,"5821 W CAPITOL DR,MKE",7,BUSINESS CHECK,Assignment Completed
190640407-Assignment Completed,190640407,2019-03-05 05:35:57,"1911 S ALLIS ST,MKE",2,REPORTS,Assignment Completed
190640452-Assignment Completed,190640452,2019-03-05 06:08:27,"4703 S 6TH ST,MKE",6,BUSINESS CHECK,Assignment Completed
190640451-Assignment Completed,190640451,2019-03-05 06:08:23,"1900 W WISCONSIN AV,MKE",3,PATROL,Assignment Completed
190640450-Service in Progress,190640450,2019-03-05 06:07:18,"2200 W GARFIELD AV,MKE",3,PARK AND WALK,Service in Progress
190640447-Service in Progress,190640447,2019-03-05 06:06:35,"4801 N 76TH ST,MKE",7,BUSINESS CHECK,Service in Progress
190640446-City Citation(s) Issued,190640446,2019-03-05 06:06:10,"4041 N 35TH ST,MKE",7,TRAFFIC STOP,City Citation(s) Issued
190640445-Service in Progress,190640445,2019-03-05 06:05:12,"3006 S 27TH ST,MKE",6,RETURN STATION,Service in Progress
190640435-Assignment Completed,190640435,2019-03-05 05:56:06,"7710 W VILLARD AV,MKE",4,TRBL W/SUBJ-DV,Assignment Completed
190640436-Assignment Completed,190640436,2019-03-05 05:55:13,"3200 S 76TH ST,MKE",6,PATROL,Assignment Completed
190640427-Assignment Completed,190640427,2019-03-05 05:48:46,"4745 S PACKARD, CUDAHY",6,PROPERTY PICKUP,Assignment Completed
190640460-Assignment Completed,190640460,2019-03-05 06:13:33,"949 N 9TH ST,MKE",1,ASSIGNMENT,Assignment Completed
190640459-Assignment Completed,190640459,2019-03-05 06:12:55,"3900 N PALMER ST,MKE",5,BUSINESS CHECK,Assignment Completed
190640458-Assignment Completed,190640458,2019-03-05 06:12:38,"6442 N 76TH ST,MKE",4,BUSINESS CHECK,Assignment Completed
190640456-Service in Progress,190640456,2019-03-05 06:11:25,"3626 W FOND DU LAC AV,MKE",7,CITIZEN CONVEY,Service in Progress
190640455-Assignment Completed,190640455,2019-03-05 06:11:11,"2323 N MARTIN L KING JR DR,MKE",5,BUSINESS CHECK,Assignment Completed
190640454-Service in Progress,190640454,2019-03-05 06:11:04,"4930 S 6TH ST,MKE",6,PATROL,Service in Progress
190640467-Service in Progress,190640467,2019-03-05 06:19:16,"4250 N 21ST ST,MKE",5,FOLLOW UP,Service in Progress
190640463-Service in Progress,190640463,2019-03-05 06:18:02,"945 N 12TH ST,MKE",3,TRBL W/SUBJ,Service in Progress
190640466-Service in Progress,190640466,2019-03-05 06:17:38,"N 16TH ST / W VIENNA AV,MKE",5,SPECIAL ASSIGN,Service in Progress
190640462-Assignment Completed,190640462,2019-03-05 06:15:23,"2100 N 57TH ST,MKE",3,PATROL,Assignment Completed
190640447-Assignment Completed,190640447,2019-03-05 06:06:35,"4801 N 76TH ST,MKE",7,BUSINESS CHECK,Assignment Completed
190640470-Assignment Completed,190640470,2019-03-05 06:22:05,"749 W STATE ST,MKE",1,POLICE ADMIN,Assignment Completed
190640467-Assignment Completed,190640467,2019-03-05 06:19:16,"4250 N 21ST ST,MKE",5,FOLLOW UP,Assignment Completed
190640463-Advised,190640463,2019-03-05 06:18:02,"945 N 12TH ST,MKE",3,TRBL W/SUBJ,Advised
190640456-Assignment Completed,190640456,2019-03-05 06:11:25,"3626 W FOND DU LAC AV,MKE",7,CITIZEN CONVEY,Assignment Completed
190640454-Assignment Completed,190640454,2019-03-05 06:11:04,"4930 S 6TH ST,MKE",6,PATROL,Assignment Completed
190640428-Assignment Completed,190640428,2019-03-05 05:59:34,"1819 W HAYES AV,MKE",2,STOLEN VEHICLE,Assignment Completed
190640473-Assignment Completed,190640473,2019-03-05 06:29:12,"N SHERMAN BL / W MEINECKE AV,MKE",3,ACC UNKN INJ,Assignment Completed
190640445-Assignment Completed,190640445,2019-03-05 06:05:12,"3006 S 27TH ST,MKE",6,RETURN STATION,Assignment Completed
190640435-Advised,190640435,2019-03-05 05:56:06,"7710 W VILLARD AV,MKE",4,TRBL W/SUBJ-DV,Advised
190640437-To be Filed,190640437,2019-03-05 05:55:14,"2920 N VEL R PHILLIPS AV,MKE",5,REPORTS,To be Filed
190640484-Service in Progress,190640484,2019-03-05 06:34:58,"3626 W FOND DU LAC AV,MKE",7,REPORTS,Service in Progress
190640482-Service in Progress,190640482,2019-03-05 06:34:47,"3006 S 27TH ST,MKE",6,REPORTS,Service in Progress
190640479-Assignment Completed,190640479,2019-03-05 06:32:29,"5751 W FOND DU LAC AV,MKE",7,BUSINESS CHECK,Assignment Completed
190640478-Assignment Completed,190640478,2019-03-05 06:32:19,"3110 S 76TH ST,MKE",6,BUSINESS CHECK,Assignment Completed
190640477-Service in Progress,190640477,2019-03-05 06:31:46,"4911 N 50TH ST,MKE",7,SUBJ WANTED,Service in Progress
190640475-Assignment Completed,190640475,2019-03-05 06:30:26,"E NORTH AV / N LAKE DR,MKE",1,PATROL,Assignment Completed
190640473-To be Filed,190640473,2019-03-05 06:29:12,"N SHERMAN BL / W MEINECKE AV,MKE",3,ACC UNKN INJ,To be Filed
190640429-Assignment Completed,190640429,2019-03-05 05:55:02,"2975 N 24TH PL,MKE",5,STOLEN VEHICLE,Assignment Completed
190640487-Assignment Completed,190640487,2019-03-05 06:37:51,"5100 W SILVER SPRING DR,MKE",4,PATROL,Assignment Completed
190640485-To be Filed,190640485,2019-03-05 06:37:07,"4042 N 6TH ST,MKE",5,FOLLOW UP,To be Filed
190640481-Unable to Locate Complainant,190640481,2019-03-05 06:35:29,"1032 E KNAPP ST,MKE",1,TRBL W/SUBJ,Unable to Locate Complainant
190640483-Unable to Locate Complainant,190640483,2019-03-05 06:35:27,"N 48TH ST / W WRIGHT ST,MKE",3,TRAFFIC HAZARD,Unable to Locate Complainant
190640500-Assignment Completed,190640500,2019-03-05 06:44:16,"3626 W FOND DU LAC AV,MKE",7,OUT OF SERVICE,Assignment Completed
190640494-Assignment Completed,190640494,2019-03-05 06:43:05,"2266 S KINNICKINNIC AV,MKE",6,ABAND/PROP WEAPO,Assignment Completed
190640496-Assignment Completed,190640496,2019-03-05 06:43:05,"5300 N 76TH ST,MKE",4,PATROL,Assignment Completed
190640492-Assignment Completed,190640492,2019-03-05 06:40:39,"1425 N FARWELL AV,MKE",1,BUSINESS CHECK,Assignment Completed
190640490-Service in Progress,190640490,2019-03-05 06:40:12,"6929 W SILVER SPRING DR,MKE",4,REPORTS,Service in Progress
190640507-Service in Progress,190640507,2019-03-05 06:47:24,"3100 S 60TH ST,MKE",6,PATROL,Service in Progress
190640499-Service in Progress,190640499,2019-03-05 06:46:08,"4112 N 84TH ST,MKE",7,CALL BY PHONE,Service in Progress
190640504-Assignment Completed,190640504,2019-03-05 06:45:46,"6929 W SILVER SPRING DR,MKE",4,OUT OF SERVICE,Assignment Completed
190640497-Service in Progress,190640497,2019-03-05 06:45:17,"2236 N 51ST ST,MKE",3,ENTRY,Service in Progress
190640515-Assignment Completed,190640515,2019-03-05 06:54:54,"1000 W DAKOTA ST,MKE",6,PATROL,Assignment Completed
190640510-Assignment Completed,190640510,2019-03-05 06:52:22,"6800 W MORGAN AV,MKE",6,PATROL,Assignment Completed
190640507-Assignment Completed,190640507,2019-03-05 06:47:24,"3100 S 60TH ST,MKE",6,PATROL,Assignment Completed
190640518-Service in Progress,190640518,2019-03-05 06:59:22,"369 E OKLAHOMA AV,MKE",6,SUBJ WANTED,Service in Progress
190640520-Service in Progress,190640520,2019-03-05 06:59:20,"3006 S 27TH ST,MKE",6,RETURN STATION,Service in Progress
190640519-Service in Progress,190640519,2019-03-05 06:57:28,"749 W STATE ST,MKE",1,REPORTS,Service in Progress
190640514-Service in Progress,190640514,2019-03-05 06:56:46,"3785 S 27TH ST,MKE",6,INJ PERSON/SICK,Service in Progress
190640516-Service in Progress,190640516,2019-03-05 06:55:15,"4715 W VLIET ST,MKE",3,REPORTS,Service in Progress
190640523-Assignment Completed,190640523,2019-03-05 07:03:34,"6400 W FLORIST AV,MKE",4,PATROL,Assignment Completed
190640521-Service in Progress,190640521,2019-03-05 07:03:29,"N 92ND ST / W KEEFE AV,MKE",7,ACC PDO,Service in Progress
190640522-Service in Progress,190640522,2019-03-05 07:02:49,"9200 W SILVER SPRING DR,MKE",4,PATROL,Service in Progress
190640499-Assignment Completed,190640499,2019-03-05 06:46:08,"4112 N 84TH ST,MKE",7,CALL BY PHONE,Assignment Completed
190640484-Assignment Completed,190640484,2019-03-05 06:34:58,"3626 W FOND DU LAC AV,MKE",7,REPORTS,Assignment Completed
190640477-Open Investigation,190640477,2019-03-05 06:31:46,"4911 N 50TH ST,MKE",7,SUBJ WANTED,Open Investigation
190640534-Service in Progress,190640534,2019-03-05 07:09:01,"805 E MASON ST,MKE",1,SPECIAL ASSIGN,Service in Progress
190640533-Service in Progress,190640533,2019-03-05 07:08:31,"700 W HISTORIC MITCHELL ST,MKE",2,ACC UNKN INJ,Service in Progress
190640530-Assignment Completed,190640530,2019-03-05 07:07:22,"7800 W FOND DU LAC AV,MKE",4,INVESTIGATION,Assignment Completed
190640537-Assignment Completed,190640537,2019-03-05 07:12:13,"3006 S 27TH ST,MKE",6,REPORTS,Assignment Completed
190640532-Service in Progress,190640532,2019-03-05 07:11:31,"N 72ND ST / W VILLARD AV,MKE",7,ACC UNKN INJ,Service in Progress
190640490-To be Filed,190640490,2019-03-05 06:40:12,"6929 W SILVER SPRING DR,MKE",4,REPORTS,To be Filed
190640551-Service in Progress,190640551,2019-03-05 07:19:37,"7000 W BOBOLINK AV,MKE",4,PATROL,Service in Progress
190640545-Service in Progress,190640545,2019-03-05 07:19:01,"1400 E BRADY ST,MKE",1,TRBL W/SUBJ,Service in Progress
190640550-Assignment Completed,190640550,2019-03-05 07:18:06,"5123 W VILLARD AV,MKE",7,BUSINESS CHECK,Assignment Completed
190640548-Assignment Completed,190640548,2019-03-05 07:17:58,"5700 W HOPE AV,MKE",7,BUSINESS CHECK,Assignment Completed
190640544-Service in Progress,190640544,2019-03-05 07:17:42,"2730 N HUMBOLDT BL,MKE",5,BUSINESS CHECK,Service in Progress
190640541-Assignment Completed,190640541,2019-03-05 07:15:53,"245 W LINCOLN AV,MKE",2,OUT OF SERVICE,Assignment Completed
190640554-Service in Progress,190640554,2019-03-05 07:20:05,"228 E NATIONAL AV,MKE",2,ASSIGNMENT,Service in Progress
190640553-Service in Progress,190640553,2019-03-05 07:20:04,"5912 W OKLAHOMA AV,MKE",6,INVESTIGATION,Service in Progress
190640551-Assignment Completed,190640551,2019-03-05 07:19:37,"7000 W BOBOLINK AV,MKE",4,PATROL,Assignment Completed
190640522-Assignment Completed,190640522,2019-03-05 07:02:49,"9200 W SILVER SPRING DR,MKE",4,PATROL,Assignment Completed
190640518-Assignment Completed,190640518,2019-03-05 06:59:22,"369 E OKLAHOMA AV,MKE",6,SUBJ WANTED,Assignment Completed
190640514-Assignment Completed,190640514,2019-03-05 06:56:46,"3785 S 27TH ST,MKE",6,INJ PERSON/SICK,Assignment Completed
190640497-To be Filed,190640497,2019-03-05 06:45:17,"2236 N 51ST ST,MKE",3,ENTRY,To be Filed
190640482-To be Filed,190640482,2019-03-05 06:34:47,"3006 S 27TH ST,MKE",6,REPORTS,To be Filed
190640564-Service in Progress,190640564,2019-03-05 07:28:54,"N 91ST ST / W DEAN RD,MKE",4,ACC UNKN INJ,Service in Progress
190640565-Advised/Referral,190640565,2019-03-05 07:27:03,"3415 N 67TH ST,MKE",7,TRBL W/SUBJ,Advised/Referral
190640569-Assignment Completed,190640569,2019-03-05 07:27:03,"2920 N VEL R PHILLIPS AV,MKE",5,REPORTS,Assignment Completed
190640563-Service in Progress,190640563,2019-03-05 07:26:03,"5538 N 39TH ST,MKE",4,BATTERY DV,Service in Progress
190640553-No Prosecution,190640553,2019-03-05 07:20:04,"5912 W OKLAHOMA AV,MKE",6,INVESTIGATION,No Prosecution
190640545-Advised,190640545,2019-03-05 07:19:01,"1400 E BRADY ST,MKE",1,TRBL W/SUBJ,Advised
190640544-Assignment Completed,190640544,2019-03-05 07:17:42,"2730 N HUMBOLDT BL,MKE",5,BUSINESS CHECK,Assignment Completed
190640519-Assignment Completed,190640519,2019-03-05 06:57:28,"749 W STATE ST,MKE",1,REPORTS,Assignment Completed
190640578-Unable to Locate Complainant,190640578,2019-03-05 07:34:50,"1951 S 19TH ST,MKE",2,CALL FOR POLICE,Unable to Locate Complainant
190640581-Assignment Completed,190640581,2019-03-05 07:34:49,"2920 N VEL R PHILLIPS AV,MKE",5,REPORTS,Assignment Completed
190640566-Service in Progress,190640566,2019-03-05 07:34:33,"N 6TH ST / W STATE ST,MKE",1,ACC PI,Service in Progress
190640573-Unable to Locate Complainant,190640573,2019-03-05 07:33:02,"6696 W APPLETON AV,MKE",7,BATTERY,Unable to Locate Complainant
190640571-Assignment Completed,190640571,2019-03-05 07:31:10,"1150 N ALOIS ST,MKE",3,BUSINESS CHECK,Assignment Completed
190640567-Advised,190640567,2019-03-05 07:30:43,"8099 W POTOMAC AV,MKE",7,CALL FOR POLICE,Advised
190640587-Service in Progress,190640587,2019-03-05 07:39:00,"8617 N 106TH ST,MKE",4,SUBJ WITH GUN,Service in Progress
190640589-Service in Progress,190640589,2019-03-05 07:38:43,"N TEUTONIA AV / W CORNELL ST,MKE",5,ACC PDO,Service in Progress
190640592-Assignment Completed,190640592,2019-03-05 07:38:10,"8000 W SHERIDAN AV,MKE",4,INVESTIGATION,Assignment Completed
190640586-Assignment Completed,190640586,2019-03-05 07:35:59,"2722 W PIERCE ST,MKE",2,FOLLOW UP,Assignment Completed
190640582-Service in Progress,190640582,2019-03-05 07:35:36,"S 36TH ST / W NATIONAL AV,MKE",2,ACC PI,Service in Progress
190640590-Service in Progress,190640590,2019-03-05 07:44:10,"S 21ST ST / W MINERAL ST,MKE",2,ACC PDO,Service in Progress
190640594-Assignment Completed,190640594,2019-03-05 07:42:38,"2325 W NASH ST,MKE",5,MEET MFD,Assignment Completed
190640598-Assignment Completed,190640598,2019-03-05 07:42:11,"2333 N 49TH ST,MKE",3,RETURN STATION,Assignment Completed
190640577-Unable to Locate Complainant,190640577,2019-03-05 07:41:32,"4914 N 58TH ST,MKE",7,SUSP PERS/AUTO,Unable to Locate Complainant
190640516-To be Filed,190640516,2019-03-05 06:55:15,"4715 W VLIET ST,MKE",3,REPORTS,To be Filed
190640615-Assignment Completed,190640615,2019-03-05 07:49:57,"245 W LINCOLN AV,MKE",2,RETURN STATION,Assignment Completed
190640614-Service in Progress,190640614,2019-03-05 07:49:56,"2333 N 49TH ST,MKE",3,RETURN STATION,Service in Progress
190640611-Assignment Completed,190640611,2019-03-05 07:48:56,"749 W STATE ST,MKE",1,OUT OF SERVICE,Assignment Completed
190640610-Assignment Completed,190640610,2019-03-05 07:48:46,"6929 W SILVER SPRING DR,MKE",4,OUT OF SERVICE,Assignment Completed
190640609-Assignment Completed,190640609,2019-03-05 07:48:30,"2920 N VEL R PHILLIPS AV,MKE",5,OUT OF SERVICE,Assignment Completed
190640588-Service in Progress,190640588,2019-03-05 07:47:53,"6264 N 91ST ST,MKE",4,ACC PDO,Service in Progress
190640608-Assignment Completed,190640608,2019-03-05 07:47:53,"3626 W FOND DU LAC AV,MKE",7,OUT OF SERVICE,Assignment Completed
190640607-Service in Progress,190640607,2019-03-05 07:47:46,"749 W STATE ST,MKE",1,MAIL RUN,Service in Progress
190640535-Service in Progress,190640535,2019-03-05 07:45:36,"720 S 32ND ST,MKE",2,RECK USE OF WEAP,Service in Progress
190640563-Assignment Completed,190640563,2019-03-05 07:26:03,"5538 N 39TH ST,MKE",4,BATTERY DV,Assignment Completed
190640554-Assignment Completed,190640554,2019-03-05 07:20:05,"228 E NATIONAL AV,MKE",2,ASSIGNMENT,Assignment Completed
190640613-Service in Progress,190640613,2019-03-05 07:54:26,"2604 W FOND DU LAC AV,MKE",3,ACC PI,Service in Progress
190640593-Service in Progress,190640593,2019-03-05 07:52:34,"300 W MICHIGAN ST,MKE",1,ENTRY,Service in Progress
190640620-Assignment Completed,190640620,2019-03-05 07:52:17,"N 53RD ST / W LOCUST ST,MKE",7,ACC PDO,Assignment Completed
190640617-Assignment Completed,190640617,2019-03-05 07:50:25,"3006 S 27TH ST,MKE",6,OUT OF SERVICE,Assignment Completed
190640635-Service in Progress,190640635,2019-03-05 07:59:53,"2920 N VEL R PHILLIPS AV,MKE",5,REPORTS,Service in Progress
190640629-Service in Progress,190640629,2019-03-05 07:57:45,"2920 N VEL R PHILLIPS AV,MKE",5,REPORTS,Service in Progress
190640628-Service in Progress,190640628,2019-03-05 07:57:38,"2333 N 49TH ST,MKE",3,REPORTS,Service in Progress
190640580-Unable to Locate Complainant,190640580,2019-03-05 07:57:05,"1032 E KNAPP ST,MKE",1,TRBL W/SUBJ,Unable to Locate Complainant
190640627-Service in Progress,190640627,2019-03-05 07:57:00,"3811 W LINCOLN AV,MKE",2,BUSINESS CHECK,Service in Progress
190640625-Service in Progress,190640625,2019-03-05 07:55:17,"949 N 9TH ST,MKE",1,FOLLOW UP,Service in Progress
190640587-Advised/Referral,190640587,2019-03-05 07:39:00,"8617 N 106TH ST,MKE",4,SUBJ WITH GUN,Advised/Referral
190640582-To be Filed,190640582,2019-03-05 07:35:36,"S 36TH ST / W NATIONAL AV,MKE",2,ACC PI,To be Filed
190640600-Service in Progress,190640600,2019-03-05 08:03:48,"4575 N 85TH ST,MKE",7,DEAD ON ENTRY,Service in Progress
190640623-Service in Progress,190640623,2019-03-05 08:03:41,"1750 N LINCOLN MEMORIAL DR,MKE",1,ACC PDO,Service in Progress
190640643-Service in Progress,190640643,2019-03-05 08:03:11,"3000 W CANAL ST,MKE",3,POLICE ADMIN,Service in Progress
190640640-Service in Progress,190640640,2019-03-05 08:02:34,"2920 N VEL R PHILLIPS AV,MKE",5,REPORTS,Service in Progress
190640639-Service in Progress,190640639,2019-03-05 08:02:19,"3626 W FOND DU LAC AV,MKE",7,COURT DUTY,Service in Progress
190640631-Service in Progress,190640631,2019-03-05 08:01:28,"3356 S 26TH ST,MKE",6,SUBJ WITH WEAPON,Service in Progress
190640546-Unable to Locate Complainant,190640546,2019-03-05 08:01:06,"1552 W GRANT ST,MKE",2,TRBL W/SUBJ,Unable to Locate Complainant
190640630-Service in Progress,190640630,2019-03-05 08:00:49,"6665 N 60TH ST,MKE",4,ACC PDO,Service in Progress
190640595-Service in Progress,190640595,2019-03-05 08:00:35,"749 W STATE ST,MKE",1,MED RUN,Service in Progress
190640636-Service in Progress,190640636,2019-03-05 08:00:26,"2333 N 49TH ST,MKE",3,POLICE ADMIN,Service in Progress
190640590-To be Filed,190640590,2019-03-05 07:44:10,"S 21ST ST / W MINERAL ST,MKE",2,ACC PDO,To be Filed
190640657-Service in Progress,190640657,2019-03-05 08:09:44,"821 W STATE ST,MKE",1,COURT DUTY,Service in Progress
190640656-Service in Progress,190640656,2019-03-05 08:09:22,"3006 S 27TH ST,MKE",6,REPORTS,Service in Progress
190640654-Service in Progress,190640654,2019-03-05 08:09:05,"4715 W VLIET ST,MKE",3,RETURN STATION,Service in Progress
190640642-Service in Progress,190640642,2019-03-05 08:08:33,"2525 N SHERMAN BL,MKE",3,TRBL W/JUV,Service in Progress
190640651-Assignment Completed,190640651,2019-03-05 08:06:54,"7501 N GRANVILLE RD,MKE",4,SCHL MONITORING,Assignment Completed
190640619-Service in Progress,190640619,2019-03-05 08:06:29,"N 27TH ST / W CENTER ST,MKE",3,BATTERY DV,Service in Progress
190640616-Service in Progress,190640616,2019-03-05 08:05:54,"3041 W FARDALE AV,MKE",6,FIRE,Service in Progress
190640628-To be Filed,190640628,2019-03-05 07:57:38,"2333 N 49TH ST,MKE",3,REPORTS,To be Filed
190640664-Service in Progress,190640664,2019-03-05 08:14:39,"6929 W SILVER SPRING DR,MKE",4,POLICE ADMIN,Service in Progress
190640662-Service in Progress,190640662,2019-03-05 08:13:45,"6680 N TEUTONIA AV,MKE",4,POLICE ADMIN,Service in Progress
190640626-Service in Progress,190640626,2019-03-05 08:13:21,"8918 W CARMEN AV,MKE",4,SUBJ WITH GUN,Service in Progress
190640624-Service in Progress,190640624,2019-03-05 08:11:08,"8380 N 76TH ST,MKE",4,STOLEN VEHICLE,Service in Progress
190640599-Advised,190640599,2019-03-05 08:10:59,"4811 N TEUTONIA AV,MKE",7,TRBL W/SUBJ,Advised
190640655-Service in Progress,190640655,2019-03-05 08:10:43,"800 N PLANKINTON AV,MKE",1,THEFT,Service in Progress
190640660-Service in Progress,190640660,2019-03-05 08:10:38,"1516 W FOREST HOME AV,MKE",2,FOLLOW UP,Service in Progress
190640658-Service in Progress,190640658,2019-03-05 08:10:01,"821 W STATE ST,MKE",1,COURT DUTY,Service in Progress
190640670-Service in Progress,190640670,2019-03-05 08:18:32,"4733 W VLIET ST,MKE",3,POLICE ADMIN,Service in Progress
190640668-Assignment Completed,190640668,2019-03-05 08:16:18,"2000 W OKLAHOMA AV,MKE",6,VEHICLE MAINT,Assignment Completed
190640667-Service in Progress,190640667,2019-03-05 08:15:18,"4900 W FOND DU LAC AV,MKE",7,FOLLOW UP,Service in Progress
190640666-Service in Progress,190640666,2019-03-05 08:15:14,"949 N 9TH ST,MKE",1,COURT DUTY,Service in Progress
190640636-Assignment Completed,190640636,2019-03-05 08:00:26,"2333 N 49TH ST,MKE",3,POLICE ADMIN,Assignment Completed
190640683-Assignment Completed,190640683,2019-03-05 08:24:31,"N 27TH ST / W CAPITOL DR,MKE",5,TRAFFIC HAZARD,Assignment Completed
190640682-Service in Progress,190640682,2019-03-05 08:24:30,"949 N 9TH ST,MKE",1,COURT DUTY,Service in Progress
190640675-Advised,190640675,2019-03-05 08:21:21,"1225 W CAPITOL DR,MKE",5,ENTRY AUTOS,Advised
190640677-Service in Progress,190640677,2019-03-05 08:20:54,"3957 E BARNARD, CUDAHY",CITY,FOLLOW UP,Service in Progress
190640672-Service in Progress,190640672,2019-03-05 08:20:50,"3427 N 53RD ST,MKE",7,FAMILY TROUBLE,Service in Progress
190640676-Assignment Completed,190640676,2019-03-05 08:20:50,"3708 W NORTH AV,MKE",3,BUSINESS CHECK,Assignment Completed
190640666-Assignment Completed,190640666,2019-03-05 08:15:14,"949 N 9TH ST,MKE",1,COURT DUTY,Assignment Completed
190640624-Advised/Referral,190640624,2019-03-05 08:11:08,"8380 N 76TH ST,MKE",4,STOLEN VEHICLE,Advised/Referral
190640620-To be Filed,190640620,2019-03-05 07:52:17,"N 53RD ST / W LOCUST ST,MKE",7,ACC PDO,To be Filed
190640564-Assignment Completed,190640564,2019-03-05 07:28:54,"N 91ST ST / W DEAN RD,MKE",4,ACC UNKN INJ,Assignment Completed
190640663-Advised,190640663,2019-03-05 08:29:09,"5415 N 37TH ST,MKE",4,CALL FOR POLICE,Advised
190640688-Service in Progress,190640688,2019-03-05 08:28:00,"1515 W LAPHAM BL,MKE",2,POLICE ADMIN,Service in Progress
190640686-Assignment Completed,190640686,2019-03-05 08:26:27,"3006 S 27TH ST,MKE",6,VEHICLE MAINT,Assignment Completed
190640684-Service in Progress,190640684,2019-03-05 08:25:58,"3713 N 27TH ST,MKE",5,SUBJ WANTED,Service in Progress
190640667-Assignment Completed,190640667,2019-03-05 08:15:18,"4900 W FOND DU LAC AV,MKE",7,FOLLOW UP,Assignment Completed
190640680-Advised,190640680,2019-03-05 08:34:56,"2319 W MICHIGAN ST,MKE",3,PROPERTY DAMAGE,Advised
190640704-Service in Progress,190640704,2019-03-05 08:34:47,"9509 W LANGLADE ST,MKE",4,CALL FOR POLICE,Service in Progress
190640709-Service in Progress,190640709,2019-03-05 08:34:38,"749 W STATE ST,MKE",1,PRISONER TRANS,Service in Progress
190640707-Service in Progress,190640707,2019-03-05 08:34:08,"2333 N 49TH ST,MKE",3,FOLLOW UP,Service in Progress
190640674-Service in Progress,190640674,2019-03-05 08:32:09,"3156 S 12TH ST,MKE",6,ACC PDO,Service in Progress
190640661-Advised,190640661,2019-03-05 08:31:43,"S 6TH ST / W BECHER ST,MKE",2,ACC PDO,Advised
190640699-City Citation(s) Issued,190640699,2019-03-05 08:31:33,"1100 N 35TH ST,MKE",3,TRAFFIC STOP,City Citation(s) Issued
190640697-City Citation(s) Issued,190640697,2019-03-05 08:31:03,"1212 N 27TH ST,MKE",3,TRAFFIC STOP,City Citation(s) Issued
190640696-City Citation(s) Issued,190640696,2019-03-05 08:31:00,"1030 N 6TH ST,MKE",1,TRAFFIC STOP,City Citation(s) Issued
190640695-Advised,190640695,2019-03-05 08:30:57,"4630 W FOREST HOME AV,MKE",6,TRAFFIC STOP,Advised
190640643-Assignment Completed,190640643,2019-03-05 08:03:11,"3000 W CANAL ST,MKE",3,POLICE ADMIN,Assignment Completed
190640627-Assignment Completed,190640627,2019-03-05 07:57:00,"3811 W LINCOLN AV,MKE",2,SPECIAL ASSIGN,Assignment Completed
190640710-Service in Progress,190640710,2019-03-05 08:39:35,"1546 S 29TH ST,MKE",2,TRBL W/SUBJ,Service in Progress
190640720-Assignment Completed,190640720,2019-03-05 08:39:35,"8135 W FLORIST AV,MKE",4,SCHL MONITORING,Assignment Completed
190640719-Service in Progress,190640719,2019-03-05 08:39:27,"749 W STATE ST,MKE",1,ASSIGNMENT,Service in Progress
190640718-City Citation(s) Issued,190640718,2019-03-05 08:39:24,"2600 W STATE ST,MKE",3,TRAFFIC STOP,City Citation(s) Issued
190640715-Service in Progress,190640715,2019-03-05 08:38:16,"4109 W NORTH AV,MKE",3,BATTERY DV,Service in Progress
190640714-Service in Progress,190640714,2019-03-05 08:36:21,"6929 W SILVER SPRING DR,MKE",4,POLICE ADMIN,Service in Progress
190640712-Service in Progress,190640712,2019-03-05 08:35:39,"749 W STATE ST,MKE",1,REPORTS,Service in Progress
190640692-Service in Progress,190640692,2019-03-05 08:35:13,"8541 W HAMPTON AV,MKE",7,WELFARE CITIZEN,Service in Progress
190640619-Unable to Locate Complainant,190640619,2019-03-05 08:06:29,"N 27TH ST / W CENTER ST,MKE",3,BATTERY DV,Unable to Locate Complainant
190640721-Assignment Completed,190640721,2019-03-05 08:40:08,"1300 W COLLEGE AV,MKE",6,BUSINESS CHECK,Assignment Completed
190640715-Advised,190640715,2019-03-05 08:38:16,"4109 W NORTH AV,MKE",3,BATTERY DV,Advised
190640674-To be Filed,190640674,2019-03-05 08:32:09,"3156 S 12TH ST,MKE",6,ACC PDO,To be Filed
190640670-Assignment Completed,190640670,2019-03-05 08:18:32,"4733 W VLIET ST,MKE",3,POLICE ADMIN,Assignment Completed
190640660-Assignment Completed,190640660,2019-03-05 08:10:38,"1516 W FOREST HOME AV,MKE",2,FOLLOW UP,Assignment Completed
190640656-To be Filed,190640656,2019-03-05 08:09:22,"3006 S 27TH ST,MKE",6,REPORTS,To be Filed
190640640-Assignment Completed,190640640,2019-03-05 08:02:34,"2920 N VEL R PHILLIPS AV,MKE",5,REPORTS,Assignment Completed
190640741-Assignment Completed,190640741,2019-03-05 08:49:35,"6929 W SILVER SPRING DR,MKE",4,RETURN STATION,Assignment Completed
190640740-Service in Progress,190640740,2019-03-05 08:49:26,"1524 W BECHER ST,MKE",2,TRAFFIC STOP,Service in Progress
190640689-Advised,190640689,2019-03-05 08:48:59,"1505 N FRANKLIN PL,MKE",1,THEFT,Advised
190640703-Advised,190640703,2019-03-05 08:48:19,"3444 N 51ST BL,MKE",7,TRBL W/SUBJ,Advised
190640737-City Citation(s) Issued,190640737,2019-03-05 08:47:48,"3300 W JUNEAU AV,MKE",3,TRAFFIC STOP,City Citation(s) Issued
190640736-Assignment Completed,190640736,2019-03-05 08:47:42,"5912 W OKLAHOMA AV,MKE",6,BUSINESS CHECK,Assignment Completed
190640734-Service in Progress,190640734,2019-03-05 08:47:37,"1109 N 18TH ST,MKE",3,BATTERY DV,Service in Progress
190640700-Service in Progress,190640700,2019-03-05 08:45:57,"3425 W SILVER SPRING DR,MKE",4,PROPERTY DAMAGE,Service in Progress
190640732-Service in Progress,190640732,2019-03-05 08:45:49,"2333 N 49TH ST,MKE",3,FOLLOW UP,Service in Progress
190640713-Unable to Locate Complainant,190640713,2019-03-05 08:45:44,"4401 N 51ST BL,MKE",7,SUBJ WANTED,Unable to Locate Complainant
190640731-Assignment Completed,190640731,2019-03-05 08:45:41,"2333 N 49TH ST,MKE",3,FOLLOW UP,Assignment Completed
190640714-Open Investigation,190640714,2019-03-05 08:36:21,"6929 W SILVER SPRING DR,MKE",4,POLICE ADMIN,Open Investigation
190640616-Assignment Completed,190640616,2019-03-05 08:05:54,"3041 W FARDALE AV,MKE",6,FIRE,Assignment Completed
190640751-Advised,190640751,2019-03-05 08:54:53,"7600 W AUER AV,MKE",7,TRAFFIC STOP,Advised
190640749-Service in Progress,190640749,2019-03-05 08:54:44,"9335 W ARCH AV,MKE",4,PROBATION/PAROLE,Service in Progress
190640747-Unable to Locate Complainant,190640747,2019-03-05 08:53:37,"918 S 19TH ST,MKE",2,SUBJ WANTED,Unable to Locate Complainant
190640746-Assignment Completed,190640746,2019-03-05 08:52:46,"4546 N 39TH ST,MKE",7,FOLLOW UP,Assignment Completed
190640745-Assignment Completed,190640745,2019-03-05 08:52:11,"11801 W SILVER SPRING DR,MKE",4,BUSINESS CHECK,Assignment Completed
190640743-Advised,190640743,2019-03-05 08:51:47,"3553 N MARTIN L KING JR DR,MKE",5,TRAFFIC STOP,Advised
190640742-Advised,190640742,2019-03-05 08:51:45,"3400 W HIGHLAND BL,MKE",3,TRAFFIC STOP,Advised
190640740-Advised,190640740,2019-03-05 08:49:26,"1524 W BECHER ST,MKE",2,TRAFFIC STOP,Advised
190640700-Open Investigation,190640700,2019-03-05 08:45:57,"3425 W SILVER SPRING DR,MKE",4,PROPERTY DAMAGE,Open Investigation
190640692-Unable to Locate Complainant,190640692,2019-03-05 08:35:13,"8541 W HAMPTON AV,MKE",7,WELFARE CITIZEN,Unable to Locate Complainant
190640704-Unable to Locate Complainant,190640704,2019-03-05 08:34:47,"9509 W LANGLADE ST,MKE",4,CALL FOR POLICE,Unable to Locate Complainant
190640755-Unable to Locate Complainant,190640755,2019-03-05 08:59:36,"4140 N 24TH PL,MKE",5,TRBL W/SUBJ,Unable to Locate Complainant
190640669-Service in Progress,190640669,2019-03-05 08:59:12,"5110 W LOCUST ST,MKE",7,TRBL W/JUV,Service in Progress
190640649-Service in Progress,190640649,2019-03-05 08:58:46,"4200 N HOLTON ST,MKE",5,THEFT,Service in Progress
190640757-Assignment Completed,190640757,2019-03-05 08:56:38,SOUTH SIDE TABS AREA,OCOE,SCHL MONITORING,Assignment Completed
190640735-Service in Progress,190640735,2019-03-05 08:55:55,"900 W WALNUT ST,MKE",5,TRBL W/JUV,Service in Progress
190640722-Service in Progress,190640722,2019-03-05 08:55:31,"1016 W OKLAHOMA AV,MKE",6,TRBL W/JUV,Service in Progress
190640753-Service in Progress,190640753,2019-03-05 08:55:07,"2920 N VEL R PHILLIPS AV,MKE",5,FOLLOW UP,Service in Progress
190640752-Assignment Completed,190640752,2019-03-05 08:55:01,"7272 N 76TH ST,MKE",4,BUSINESS CHECK,Assignment Completed
190640707-Assignment Completed,190640707,2019-03-05 08:34:08,"2333 N 49TH ST,MKE",3,FOLLOW UP,Assignment Completed
190640677-Assignment Completed,190640677,2019-03-05 08:20:54,"3957 E BARNARD, CUDAHY",CITY,FOLLOW UP,Assignment Completed
190640626-To be Filed,190640626,2019-03-05 08:13:21,"8918 W CARMEN AV,MKE",4,SUBJ WITH GUN,To be Filed
190640775-Assignment Completed,190640775,2019-03-05 09:04:16,"2401 N 33RD ST,MKE",3,FOLLOW UP,Assignment Completed
190640773-Service in Progress,190640773,2019-03-05 09:02:52,"619 W WALNUT ST,MKE",5,CONVEY PROPERTY,Service in Progress
190640772-Assignment Completed,190640772,2019-03-05 09:02:46,"3301 N OAKLAND AV,MKE",1,BUSINESS CHECK,Assignment Completed
190640763-Service in Progress,190640763,2019-03-05 09:02:28,"5311 N 34TH ST,MKE",4,PARKING TROUBLE,Service in Progress
190640770-City Citation(s) Issued,190640770,2019-03-05 09:02:17,"1000 N 27TH ST,MKE",3,TRAFFIC STOP,City Citation(s) Issued
190640708-Unable to Locate Complainant,190640708,2019-03-05 09:00:26,"N 39TH ST / W LISBON AV,MKE",3,ACC PDO,Unable to Locate Complainant
190640767-Assignment Completed,190640767,2019-03-05 09:00:13,"2920 N VEL R PHILLIPS AV,MKE",5,POLICE ADMIN,Assignment Completed
190640734-Advised,190640734,2019-03-05 08:47:37,"1109 N 18TH ST,MKE",3,BATTERY DV,Advised
190640732-Assignment Completed,190640732,2019-03-05 08:45:49,"2333 N 49TH ST,MKE",3,FOLLOW UP,Assignment Completed
190640682-Assignment Completed,190640682,2019-03-05 08:24:30,"949 N 9TH ST,MKE",1,COURT DUTY,Assignment Completed
190640791-Service in Progress,190640791,2019-03-05 09:09:51,"2500 W CORNELL ST,MKE",5,TRBL W/SUBJ,Service in Progress
190640744-Unable to Locate Complainant,190640744,2019-03-05 09:09:49,"1831 W CENTER ST,MKE",3,CALL FOR POLICE,Unable to Locate Complainant
190640785-Assignment Completed,190640785,2019-03-05 09:09:12,"3025 W RUBY AV,MKE",5,FIRE,Assignment Completed
190640774-Service in Progress,190640774,2019-03-05 09:09:03,"5241 N 90TH ST,MKE",4,BATTERY DV,Service in Progress
190640786-Service in Progress,190640786,2019-03-05 09:08:32,"W ROOSEVELT DR / N 51ST BL,MKE",7,TRAFFIC HAZARD,Service in Progress
190640790-Assignment Completed,190640790,2019-03-05 09:08:27,"4141 N 64TH ST,MKE",7,SCHL MONITORING,Assignment Completed
190640788-Advised,190640788,2019-03-05 09:07:57,"707 S 1ST ST,MKE",2,CITIZEN CONTACT,Advised
190640787-City Citation(s) Issued,190640787,2019-03-05 09:07:41,"1201 N 35TH ST,MKE",3,TRAFFIC STOP,City Citation(s) Issued
190640783-Service in Progress,190640783,2019-03-05 09:07:08,"2620 W WISCONSIN AV,MKE",3,ASSIGNMENT,Service in Progress
190640782-Assignment Completed,190640782,2019-03-05 09:05:56,"S 33RD ST / W LAKEFIELD DR,MKE",6,POLICE ADMIN,Assignment Completed
190640780-Service in Progress,190640780,2019-03-05 09:05:31,"4715 W VLIET ST,MKE",3,POLICE ADMIN,Service in Progress
190640776-Unable to Locate Complainant,190640776,2019-03-05 09:05:21,"S LAYTON BL / W BECHER ST,MKE",2,RECKLESS VEHICLE,Unable to Locate Complainant
190640773-Assignment Completed,190640773,2019-03-05 09:02:52,"619 W WALNUT ST,MKE",5,CONVEY PROPERTY,Assignment Completed
190640753-Assignment Completed,190640753,2019-03-05 08:55:07,"2920 N VEL R PHILLIPS AV,MKE",5,FOLLOW UP,Assignment Completed
190640802-Assignment Completed,190640802,2019-03-05 09:14:07,"1500 S 1ST ST,MKE",2,FOLLOW UP,Assignment Completed
190640801-Assignment Completed,190640801,2019-03-05 09:13:27,"8210 W CAPITOL DR,MKE",7,BUSINESS CHECK,Assignment Completed
190640794-Service in Progress,190640794,2019-03-05 09:12:21,"4815 N MOHAWK AV,MKE",5,CALL FOR POLICE,Service in Progress
190640798-Service in Progress,190640798,2019-03-05 09:12:16,"2983 S CHICAGO RD, SOUTH MILWAUKEE",CITY,SUBJ WANTED,Service in Progress
190640797-Assignment Completed,190640797,2019-03-05 09:12:08,"6680 N TEUTONIA AV,MKE",4,RETURN STATION,Assignment Completed
190640796-City Citation(s) Issued,190640796,2019-03-05 09:12:07,"1400 N 27TH ST,MKE",3,TRAFFIC STOP,City Citation(s) Issued
190640795-Service in Progress,190640795,2019-03-05 09:12:04,"1500 S 1ST ST,MKE",2,FOLLOW UP,Service in Progress
190640793-Service in Progress,190640793,2019-03-05 09:10:26,"1100 W HISTORIC MITCHELL ST,MKE",2,BUSINESS CHECK,Service in Progress
190640781-Service in Progress,190640781,2019-03-05 09:10:16,"W169 N4885 FOX RIDGE COURT, MENOMONEE FALLS",DPR,TRBL W/SUBJ,Service in Progress
190640672-Advised,190640672,2019-03-05 08:20:50,"3427 N 53RD ST,MKE",7,FAMILY TROUBLE,Advised
190640808-Service in Progress,190640808,2019-03-05 09:19:31,"2700 W CAPITOL DR,MKE",5,TRAFFIC STOP,Service in Progress
190640804-Service in Progress,190640804,2019-03-05 09:19:21,"950 N 13TH ST,MKE",3,TRBL W/SUBJ,Service in Progress
190640805-Service in Progress,190640805,2019-03-05 09:19:15,"8701 W VILLARD AV,MKE",7,BATTERY DV,Service in Progress
190640784-To be Filed,190640784,2019-03-05 09:18:02,"4214 N 42ND ST,MKE",7,VIOL REST ORDER,To be Filed
190640803-Service in Progress,190640803,2019-03-05 09:15:56,"1433 W NORTH AV,MKE",3,FOLLOW UP,Service in Progress
190640768-Unable to Locate Complainant,190640768,2019-03-05 09:15:13,"5865 N 62ND ST,MKE",4,CALL FOR POLICE,Unable to Locate Complainant
190640794-Unable to Locate Complainant,190640794,2019-03-05 09:12:21,"4815 N MOHAWK AV,MKE",5,CALL FOR POLICE,Unable to Locate Complainant
190640798-Unable to Locate Complainant,190640798,2019-03-05 09:12:16,"2983 S CHICAGO RD, SOUTH MILW",CITY,SUBJ WANTED,Unable to Locate Complainant
190640793-Assignment Completed,190640793,2019-03-05 09:10:26,"1100 W HISTORIC MITCHELL ST,MKE",2,BUSINESS CHECK,Assignment Completed
190640791-Advised,190640791,2019-03-05 09:09:51,"2500 W CORNELL ST,MKE",5,TRBL W/SUBJ,Advised
190640786-Assignment Completed,190640786,2019-03-05 09:08:32,"W ROOSEVELT DR / N 51ST BL,MKE",7,TRAFFIC HAZARD,Assignment Completed
190640710-Advised,190640710,2019-03-05 08:39:35,"1546 S 29TH ST,MKE",2,TRBL W/SUBJ,Advised
190640815-City Citation(s) Issued,190640815,2019-03-05 09:23:56,"4155 W FOREST HOME AV,MKE",6,TRAFFIC STOP,City Citation(s) Issued
190640813-Assignment Completed,190640813,2019-03-05 09:22:54,"245 W LINCOLN AV,MKE",2,RETURN STATION,Assignment Completed
190640811-Advised,190640811,2019-03-05 09:22:08,"435 W WISCONSIN AV,MKE",1,TRAFFIC STOP,Advised
190640799-Assignment Completed,190640799,2019-03-05 09:21:21,"S 27TH ST / W KINNICKINNIC RIVER PK,MKE",6,TRAFFIC HAZARD,Assignment Completed
190640779-Service in Progress,190640779,2019-03-05 09:20:42,"5217 N 61ST ST,MKE",4,ROBBERY ARMED,Service in Progress
190640808-Advised,190640808,2019-03-05 09:19:31,"2700 W CAPITOL DR,MKE",5,TRAFFIC STOP,Advised
190640817-Advised,190640817,2019-03-05 09:29:48,"1900 N 1ST ST,MKE",5,FAMILY TROUBLE,Advised
190640830-City Citation(s) Issued,190640830,2019-03-05 09:28:51,"1150 N 35TH ST,MKE",3,TRAFFIC STOP,City Citation(s) Issued
190640829-Service in Progress,190640829,2019-03-05 09:28:50,"3000 S 39TH ST,MKE",6,INVESTIGATION,Service in Progress
190640826-Service in Progress,190640826,2019-03-05 09:27:52,"6929 W SILVER SPRING DR,MKE",4,SPECIAL ASSIGN,Service in Progress
190640820-Advised,190640820,2019-03-05 09:27:43,"1306 W LINCOLN AV,MKE",2,TRBL W/SUBJ,Advised
190640824-Assignment Completed,190640824,2019-03-05 09:27:31,"1624 W WELLS ST,MKE",3,BUSINESS CHECK,Assignment Completed
190640823-Service in Progress,190640823,2019-03-05 09:27:24,"3440 S 62ND ST,MKE",6,FOLLOW UP,Service in Progress
190640822-Service in Progress,190640822,2019-03-05 09:26:31,"1721 W CANAL ST,MKE",3,FOLLOW UP,Service in Progress
190640816-Service in Progress,190640816,2019-03-05 09:25:07,"2920 N VEL R PHILLIPS AV,MKE",5,POLICE ADMIN,Service in Progress
190640722-Advised,190640722,2019-03-05 08:55:31,"1016 W OKLAHOMA AV,MKE",6,TRBL W/JUV,Advised
190640840-Assignment Completed,190640840,2019-03-05 09:34:17,"2333 N 49TH ST,MKE",3,SPECIAL ASSIGN,Assignment Completed
190640835-Service in Progress,190640835,2019-03-05 09:33:00,"3341 N 20TH ST,MKE",5,SUBJ WITH WEAPON,Service in Progress
190640837-City Citation(s) Issued,190640837,2019-03-05 09:32:50,"6815 W SILVER SPRING DR,MKE",4,TRAFFIC STOP,City Citation(s) Issued
190640825-Service in Progress,190640825,2019-03-05 09:31:37,"3341 N 20TH ST,MKE",5,CALL FOR POLICE,Service in Progress
190640832-Assignment Completed,190640832,2019-03-05 09:30:26,"S 20TH ST / W OKLAHOMA AV,MKE",6,VEHICLE MAINT,Assignment Completed
190640789-Service in Progress,190640789,2019-03-05 09:39:50,"3624 N 86TH ST,MKE",7,ENTRY,Service in Progress
190640843-Service in Progress,190640843,2019-03-05 09:39:05,"N PALMER ST / E RESERVOIR AV,MKE",5,ENTRY AUTOS,Service in Progress
190640841-Assignment Completed,190640841,2019-03-05 09:35:10,"9500 W GREENWOOD TR,MKE",4,PATROL,Assignment Completed
190640804-Advised,190640804,2019-03-05 09:19:21,"950 N 13TH ST,MKE",3,TRBL W/SUBJ,Advised
190640803-To be Filed,190640803,2019-03-05 09:15:56,"1433 W NORTH AV,MKE",3,FOLLOW UP,To be Filed
190640781-Advised,190640781,2019-03-05 09:10:16,"W169 N4885 FOX RIDGE CT, MENOMONEE FALLS",DPR,TRBL W/SUBJ,Advised
190640780-Assignment Completed,190640780,2019-03-05 09:05:31,"4715 W VLIET ST,MKE",3,POLICE ADMIN,Assignment Completed
190640853-Service in Progress,190640853,2019-03-05 09:44:57,"3628 N 13TH ST,MKE",5,SUBJ WITH GUN,Service in Progress
190640855-Advised,190640855,2019-03-05 09:44:26,"3900 N MARTIN L KING JR DR,MKE",5,TRAFFIC STOP,Advised
190640836-Advised,190640836,2019-03-05 09:43:04,"4075 W OKLAHOMA AV,MKE",6,ADDL INFO,Advised
190640851-Service in Progress,190640851,2019-03-05 09:43:04,"949 N 9TH ST,MKE",1,COURT DUTY,Service in Progress
190640850-Assignment Completed,190640850,2019-03-05 09:42:57,"905 W NORTH AV,MKE",3,BUSINESS CHECK,Assignment Completed
190640848-Assignment Completed,190640848,2019-03-05 09:41:24,"1901 E NORTH AV,MKE",1,BUSINESS CHECK,Assignment Completed
190640818-Service in Progress,190640818,2019-03-05 09:40:54,"6408 N 91ST ST,MKE",4,TRBL W/JUV,Service in Progress
190640846-Advised/Referral,190640846,2019-03-05 09:40:26,"9200 W SHERIDAN AV,MKE",4,BATTERY DV,Advised/Referral
190640866-Service in Progress,190640866,2019-03-05 09:49:37,"700 E LYON ST,MKE",1,SUBJ WITH WEAPON,Service in Progress
190640864-Service in Progress,190640864,2019-03-05 09:49:10,"1600 N 14TH ST,MKE",3,RECK USE OF WEAP,Service in Progress
190640865-Service in Progress,190640865,2019-03-05 09:48:03,"7009 N 43RD ST,MKE",4,SUBJ WANTED,Service in Progress
190640863-City Citation(s) Issued,190640863,2019-03-05 09:47:36,"1500 N 35TH ST,MKE",3,TRAFFIC STOP,City Citation(s) Issued
190640859-City Citation(s) Issued,190640859,2019-03-05 09:45:41,"1100 N 35TH ST,MKE",3,TRAFFIC STOP,City Citation(s) Issued
190640857-Service in Progress,190640857,2019-03-05 09:45:35,"7026 W CONGRESS ST,MKE",7,FOLLOW UP,Service in Progress
190640854-Service in Progress,190640854,2019-03-05 09:45:25,"4601 S 1ST ST,MKE",6,FIGHT,Service in Progress
190640874-Service in Progress,190640874,2019-03-05 09:54:14,"2020 W MITCHELL ST,MKE",2,TRBL W/JUV,Service in Progress
190640875-Unable to Locate Complainant,190640875,2019-03-05 09:53:22,"N 15TH ST / W NORTH AV,MKE",3,ACC UNKN INJ,Unable to Locate Complainant
190640870-Assignment Completed,190640870,2019-03-05 09:50:27,"3006 S 27TH ST,MKE",6,RETURN STATION,Assignment Completed
190640854-Unable to Locate Complainant,190640854,2019-03-05 09:45:25,"4601 S 1ST ST,MKE",6,FIGHT,Unable to Locate Complainant
190640891-Advised,190640891,2019-03-05 09:58:18,"3355 S 43RD ST,GFD",6,TRAFFIC STOP,Advised
190640884-City Citation(s) Issued,190640884,2019-03-05 09:56:08,"S CESAR E CHAVEZ DR / W MINERAL ST,MKE",2,TRAFFIC STOP,City Citation(s) Issued
190640872-Service in Progress,190640872,2019-03-05 09:55:37,"N 76TH ST / W DEAN RD,MKE",4,ACC PDO,Service in Progress
190640805-Advised/Referral,190640805,2019-03-05 09:19:15,"8701 W VILLARD AV,MKE",7,BATTERY DV,Advised/Referral
190640881-Service in Progress,190640881,2019-03-05 10:04:13,"N 88TH ST / W LISBON AV,MKE",7,INJ PERSON/SICK,Service in Progress
190640912-Assignment Completed,190640912,2019-03-05 10:03:53,"2510 W NORTH AV,MKE",3,BUSINESS CHECK,Assignment Completed
190640909-Assignment Completed,190640909,2019-03-05 10:02:54,"200 N 35TH ST,MKE",3,BUSINESS CHECK,Assignment Completed
190640899-Service in Progress,190640899,2019-03-05 10:01:46,"N 30TH ST / W BROWN ST,MKE",3,TRAFFIC HAZARD,Service in Progress
190640902-Advised,190640902,2019-03-05 10:01:33,"100 W CAPITOL DR,MKE",5,TRAFFIC STOP,Advised
190640901-Service in Progress,190640901,2019-03-05 10:01:24,"401 E CAPITOL DR,MKE",5,FOLLOW UP,Service in Progress
190640900-Service in Progress,190640900,2019-03-05 10:01:18,"440 W MC KINLEY AV,MKE",1,TRAFFIC STOP,Service in Progress
190640878-Service in Progress,190640878,2019-03-05 10:01:13,"1530 W LINCOLN AV,MKE",2,TRBL W/SUBJ,Service in Progress
190640885-Assignment Completed,190640885,2019-03-05 10:01:00,"2802 S 34TH ST,MKE",6,TRBL W/SUBJ,Assignment Completed
190640898-Assignment Completed,190640898,2019-03-05 10:00:59,"3000 W CANAL ST,MKE",3,POLICE ADMIN,Assignment Completed
190640919-Service in Progress,190640919,2019-03-05 10:09:12,"5224 W CENTER ST,MKE",7,FAMILY TROUBLE,Service in Progress
190640923-Service in Progress,190640923,2019-03-05 10:08:29,"2333 N 49TH ST,MKE",3,REPORTS,Service in Progress
190640887-Advised/Referral,190640887,2019-03-05 10:07:38,"2031 W KEEFE AV,MKE",5,VIOL REST ORDER,Advised/Referral
190640921-Advised,190640921,2019-03-05 10:07:01,"831 S CESAR E CHAVEZ DR,MKE",2,TRAFFIC STOP,Advised
190640918-Assignment Completed,190640918,2019-03-05 10:06:23,"405 N 27TH ST,MKE",3,BUSINESS CHECK,Assignment Completed
190640916-Advised,190640916,2019-03-05 10:05:02,"829 S 1ST ST,MKE",2,TRAFFIC STOP,Advised
190640899-Advised,190640899,2019-03-05 10:01:46,"N 30TH ST / W BROWN ST,MKE",3,TRAFFIC HAZARD,Advised
190640823-Assignment Completed,190640823,2019-03-05 09:27:24,"3440 S 62ND ST,MKE",6,FOLLOW UP,Assignment Completed
190640937-Assignment Completed,190640937,2019-03-05 10:14:13,"S 13TH ST / W LAYTON AV,MKE",6,INVESTIGATION,Assignment Completed
190640926-Unable to Locate Complainant,190640926,2019-03-05 10:13:14,"N 27TH ST / W COURTLAND AV,MKE",5,BATTERY,Unable to Locate Complainant
190640931-Service in Progress,190640931,2019-03-05 10:12:07,"6798 W APPLETON AV,MKE",7,ACC PI,Service in Progress
190640932-Assignment Completed,190640932,2019-03-05 10:11:45,"11800 W SILVER SPRING DR,MKE",4,BUSINESS CHECK,Assignment Completed
190640928-City Citation(s) Issued,190640928,2019-03-05 10:10:28,"2661 N TEUTONIA AV,MKE",3,TRAFFIC STOP,City Citation(s) Issued
190640900-City Citation(s) Issued,190640900,2019-03-05 10:01:18,"440 W MC KINLEY AV,MKE",1,TRAFFIC STOP,City Citation(s) Issued
190640866-Advised,190640866,2019-03-05 09:49:37,"700 E LYON ST,MKE",1,SUBJ WITH WEAPON,Advised
190640865-Assignment Completed,190640865,2019-03-05 09:48:03,"7009 N 43RD ST,MKE",4,SUBJ WANTED,Assignment Completed
190640857-Assignment Completed,190640857,2019-03-05 09:45:35,"7026 W CONGRESS ST,MKE",7,FOLLOW UP,Assignment Completed
190640829-Assignment Completed,190640829,2019-03-05 09:28:50,"3000 S 39TH ST,MKE",6,INVESTIGATION,Assignment Completed
190640942-Service in Progress,190640942,2019-03-05 10:19:56,"3907 N 94TH ST,MKE",7,WELFARE CITIZEN,Service in Progress
190640951-Service in Progress,190640951,2019-03-05 10:19:48,"2700 W CAPITOL DR,MKE",5,ACC PDO,Service in Progress
190640952-Assignment Completed,190640952,2019-03-05 10:19:44,"N 124TH ST / W HAMPTON AV,MKE",4,PATROL,Assignment Completed
190640946-Assignment Completed,190640946,2019-03-05 10:17:18,"2800 W KILBOURN AV,MKE",3,PATROL,Assignment Completed
190640944-City Citation(s) Issued,190640944,2019-03-05 10:16:51,"1418 S CESAR E CHAVEZ DR,MKE",2,TRAFFIC STOP,City Citation(s) Issued
190640941-Advised,190640941,2019-03-05 10:16:06,"N HOLTON ST / E TOWNSEND ST,MKE",5,TRAFFIC STOP,Advised
190640940-Service in Progress,190640940,2019-03-05 10:15:44,"3045 N MARTIN L KING JR DR,MKE",5,SPECIAL ASSIGN,Service in Progress
190640885-Advised,190640885,2019-03-05 10:01:00,"2802 S 34TH ST,MKE",6,TRBL W/SUBJ,Advised
190640874-Advised,190640874,2019-03-05 09:54:14,"2020 W MITCHELL ST,MKE",2,TRBL W/JUV,Advised
190640966-Assignment Completed,190640966,2019-03-05 10:24:38,"10220 W SILVER SPRING DR,MKE",4,BUSINESS CHECK,Assignment Completed
190640959-Assignment Completed,190640959,2019-03-05 10:24:00,"S 15TH PL / W WILBUR AV,MKE",6,LOOSE ANIMAL,Assignment Completed
190640962-Service in Progress,190640962,2019-03-05 10:21:47,"10330 W SILVER SPRING DR,MKE",4,SPECIAL ASSIGN,Service in Progress
190640856-Service in Progress,190640856,2019-03-05 10:21:44,"1206 N BROADWAY,MKE",1,CALL FOR POLICE,Service in Progress
190640960-Unable to Locate Complainant,190640960,2019-03-05 10:21:19,"2355 N 35TH ST,MKE",3,BUSINESS CHECK,Unable to Locate Complainant
190640956-City Citation(s) Issued,190640956,2019-03-05 10:20:24,"3006 S 27TH ST,MKE",6,TS TARGETED,City Citation(s) Issued
190640923-Assignment Completed,190640923,2019-03-05 10:08:29,"2333 N 49TH ST,MKE",3,REPORTS,Assignment Completed
190640818-Advised,190640818,2019-03-05 09:40:54,"6408 N 91ST ST,MKE",4,TRBL W/JUV,Advised
190640975-Service in Progress,190640975,2019-03-05 10:29:56,"1712 S 115TH CT, WEST ALLIS",4,FOLLOW UP,Service in Progress
190640973-City Citation(s) Issued,190640973,2019-03-05 10:28:03,"1516 S CESAR E CHAVEZ DR,MKE",2,TRAFFIC STOP,City Citation(s) Issued
190640972-Service in Progress,190640972,2019-03-05 10:28:02,"W LINCOLN AV / S 13TH ST,MKE",2,ACC PI,Service in Progress
190640967-Service in Progress,190640967,2019-03-05 10:27:11,"2213 N 56TH ST,MKE",3,ENTRY,Service in Progress
190640971-Service in Progress,190640971,2019-03-05 10:26:49,"2704 N HACKETT AV,MKE",1,SUBJ WANTED,Service in Progress
190640969-Service in Progress,190640969,2019-03-05 10:26:34,"700 W STATE ST,MKE",1,SPECIAL ASSIGN,Service in Progress
190640949-Service in Progress,190640949,2019-03-05 10:25:33,"2356 N BREMEN ST,MKE",5,ENTRY,Service in Progress
190640954-Advised,190640954,2019-03-05 10:25:27,"928 W MEINECKE AV,MKE",3,TRBL W/SUBJ,Advised
190640856-Unable to Locate Complainant,190640856,2019-03-05 10:21:44,"1206 N BROADWAY,MKE",1,CALL FOR POLICE,Unable to Locate Complainant
190640984-Service in Progress,190640984,2019-03-05 10:33:39,"2908 W VILLARD AV,MKE",4,FOLLOW UP,Service in Progress
190640983-Assignment Completed,190640983,2019-03-05 10:33:15,"3100 W CHERRY ST,MKE",3,PARK AND WALK,Assignment Completed
190640977-Service in Progress,190640977,2019-03-05 10:32:29,"9236 W BROWN DEER RD,MKE",4,BATTERY DV,Service in Progress
190640976-Assignment Completed,190640976,2019-03-05 10:30:05,"224 E CHICAGO ST,MKE",1,BUSINESS CHECK,Assignment Completed
190640899-Assignment Completed,190640899,2019-03-05 10:01:46,"N 30TH ST / W BROWN ST,MKE",3,TRAFFIC HAZARD,Assignment Completed
190640819-Unable to Locate Complainant,190640819,2019-03-05 10:38:51,"4265 N 30TH ST,MKE",5,SUSP PERS/AUTO,Unable to Locate Complainant
190640993-Assignment Completed,190640993,2019-03-05 10:37:57,"3626 W FOND DU LAC AV,MKE",7,POLICE ADMIN,Assignment Completed
190640990-Service in Progress,190640990,2019-03-05 10:36:48,"6680 N TEUTONIA AV,MKE",4,PROPERTY PICKUP,Service in Progress
190640989-City Citation(s) Issued,190640989,2019-03-05 10:36:19,"400 W MC KINLEY AV,MKE",1,TRAFFIC STOP,City Citation(s) Issued
190640985-Service in Progress,190640985,2019-03-05 10:35:41,"1256 N 43RD ST,MKE",3,ACC PDO,Service in Progress
190640995-Advised/Referral,190640995,2019-03-05 10:43:10,"5823 N 62ND ST,MKE",4,BATTERY,Advised/Referral
190640987-Service in Progress,190640987,2019-03-05 10:42:19,"5162 N 57TH ST,MKE",7,BATTERY DV,Service in Progress
190641003-Service in Progress,190641003,2019-03-05 10:41:42,"4800 N 64TH ST,MKE",7,FOLLOW UP,Service in Progress
190640996-Service in Progress,190640996,2019-03-05 10:40:53,"9031 W BURDICK AV,MKE",6,DEAD ON ENTRY,Service in Progress
190640999-Assignment Completed,190640999,2019-03-05 10:40:20,"833 N 26TH ST,MKE",3,SUBJ WITH GUN,Assignment Completed
190641001-Service in Progress,190641001,2019-03-05 10:40:02,"1229 N 6TH ST,MKE",5,TRAFFIC STOP,Service in Progress
190640990-Assignment Completed,190640990,2019-03-05 10:36:48,"6680 N TEUTONIA AV,MKE",4,PROPERTY PICKUP,Assignment Completed
190640975-Assignment Completed,190640975,2019-03-05 10:29:56,"1712 S 115TH CT, WEST ALLIS",4,FOLLOW UP,Assignment Completed
190640967-Assignment Completed,190640967,2019-03-05 10:27:11,"2213 N 56TH ST,MKE",3,ENTRY,Assignment Completed
190641014-Assignment Completed,190641014,2019-03-05 10:46:47,"6929 W SILVER SPRING DR,MKE",4,OUT OF SERVICE,Assignment Completed
190641013-Service in Progress,190641013,2019-03-05 10:46:43,"3811 W LINCOLN AV,MKE",2,INVESTIGATION,Service in Progress
190641011-Assignment Completed,190641011,2019-03-05 10:45:50,"2920 N VEL R PHILLIPS AV,MKE",5,OUT OF SERVICE,Assignment Completed
190640965-Unable to Locate Complainant,190640965,2019-03-05 10:45:19,"633 W WISCONSIN AV,MKE",1,CALL FOR POLICE,Unable to Locate Complainant
190641008-Service in Progress,190641008,2019-03-05 10:45:08,"2218 N MARTIN L KING JR DR,MKE",5,PROBATION/PAROLE,Service in Progress
190641007-Service in Progress,190641007,2019-03-05 10:45:02,"4715 W VLIET ST,MKE",3,SPECIAL ASSIGN,Service in Progress
190641001-City Citation(s) Issued,190641001,2019-03-05 10:40:02,"1229 N 6TH ST,MKE",5,TRAFFIC STOP,City Citation(s) Issued
190640949-Unable to Locate Complainant,190640949,2019-03-05 10:25:33,"2356 N BREMEN ST,MKE",5,ENTRY,Unable to Locate Complainant
190641021-Service in Progress,190641021,2019-03-05 10:54:57,"3620 W HAMPTON AV,MKE",7,FAMILY TROUBLE,Service in Progress
190641036-Service in Progress,190641036,2019-03-05 10:54:56,"2920 N VEL R PHILLIPS AV,MKE",5,RETURN STATION,Service in Progress
190641002-Service in Progress,190641002,2019-03-05 10:54:30,"3334 N HOLTON ST,MKE",5,THEFT,Service in Progress
190641034-Assignment Completed,190641034,2019-03-05 10:53:28,"3006 S 27TH ST,MKE",6,OUT OF SERVICE,Assignment Completed
190641033-Service in Progress,190641033,2019-03-05 10:53:22,"3006 S 27TH ST,MKE",6,OUT OF SERVICE,Service in Progress
190641032-Assignment Completed,190641032,2019-03-05 10:53:17,"4730 S 27TH ST,MKE",6,BUSINESS CHECK,Assignment Completed
190641031-Service in Progress,190641031,2019-03-05 10:52:54,"4715 W VLIET ST,MKE",3,RETURN STATION,Service in Progress
190641029-Service in Progress,190641029,2019-03-05 10:52:36,"E MICHIGAN ST / N JACKSON ST,MKE",1,ACC PDO,Service in Progress
190641022-Service in Progress,190641022,2019-03-05 10:51:54,"S BURRELL ST / E BOLIVAR AV,MKE",6,ACC PDO,Service in Progress
190641003-Assignment Completed,190641003,2019-03-05 10:41:42,"4800 N 64TH ST,MKE",7,FOLLOW UP,Assignment Completed
190640951-To be Filed,190640951,2019-03-05 10:19:48,"2700 W CAPITOL DR,MKE",5,ACC PDO,To be Filed
190641046-Service in Progress,190641046,2019-03-05 10:59:52,"8721 W MONROVIA AV,MKE",4,FOLLOW UP,Service in Progress
190641025-Service in Progress,190641025,2019-03-05 10:59:47,"2139 N 57TH ST,MKE",3,ENTRY,Service in Progress
190641043-Assignment Completed,190641043,2019-03-05 10:58:36,"1909 W HOPKINS ST,MKE",5,BUSINESS CHECK,Assignment Completed
190641042-Assignment Completed,190641042,2019-03-05 10:58:13,"2333 N 49TH ST,MKE",3,POLICE ADMIN,Assignment Completed
190641041-Service in Progress,190641041,2019-03-05 10:57:44,"239 E CHICAGO ST,MKE",1,BUSINESS CHECK,Service in Progress
190641040-Service in Progress,190641040,2019-03-05 10:57:38,"3626 W FOND DU LAC AV,MKE",7,ASSIGNMENT,Service in Progress
190641038-Assignment Completed,190641038,2019-03-05 10:56:09,"9200 W WISCONSIN AV,MKE",3,CONVEY PROPERTY,Assignment Completed
190641030-Advised,190641030,2019-03-05 10:55:32,"2057 S 14TH ST,MKE",2,INJ PERSON/SICK,Advised
190641037-Assignment Completed,190641037,2019-03-05 10:55:10,"1532 W MINERAL ST,MKE",2,TRAFFIC STOP,Assignment Completed
190641008-Assignment Completed,190641008,2019-03-05 10:45:08,"2218 N MARTIN L KING JR DR,MKE",5,PROBATION/PAROLE,Assignment Completed
190640967-To be Filed,190640967,2019-03-05 10:27:11,"2213 N 56TH ST,MKE",3,ENTRY,To be Filed
190641059-Service in Progress,190641059,2019-03-05 11:04:52,"1015 N 10TH ST,MKE",1,COURT DUTY,Service in Progress
190641056-Service in Progress,190641056,2019-03-05 11:03:55,"245 W LINCOLN AV,MKE",2,REPORTS,Service in Progress
190641006-Service in Progress,190641006,2019-03-05 11:03:50,"4479 N 44TH ST,MKE",7,FAMILY TROUBL-DV,Service in Progress
190641055-Service in Progress,190641055,2019-03-05 11:03:01,"433 W ST PAUL AV,MKE",1,BUSINESS CHECK,Service in Progress
190641005-Service in Progress,190641005,2019-03-05 11:02:34,"N 39TH ST / W LANCASTER AV,MKE",7,CALL FOR POLICE,Service in Progress
190641054-Service in Progress,190641054,2019-03-05 11:02:28,"1400 W SONATA DR,MKE",6,SPECIAL ASSIGN,Service in Progress
190640948-Service in Progress,190640948,2019-03-05 11:02:16,"3926 N SHERMAN BL,MKE",7,FAMILY TROUBL-DV,Service in Progress
190641052-Service in Progress,190641052,2019-03-05 11:01:55,"749 W STATE ST,MKE",1,FOLLOW UP,Service in Progress
190640842-Service in Progress,190640842,2019-03-05 11:01:40,"3167 N 14TH ST,MKE",5,SUBJ WANTED,Service in Progress
190641051-Service in Progress,190641051,2019-03-05 11:01:38,"3626 W FOND DU LAC AV,MKE",7,ASSIGNMENT,Service in Progress
190641049-City Citation(s) Issued,190641049,2019-03-05 11:00:46,"1711 W OKLAHOMA AV,MKE",6,TRAFFIC STOP,City Citation(s) Issued
190641023-Service in Progress,190641023,2019-03-05 11:00:05,"4045 N 26TH ST,MKE",5,TRBL W/SUBJ,Service in Progress
190641041-Assignment Completed,190641041,2019-03-05 10:57:44,"239 E CHICAGO ST,MKE",1,BUSINESS CHECK,Assignment Completed
190640984-Assignment Completed,190640984,2019-03-05 10:33:39,"2908 W VILLARD AV,MKE",4,FOLLOW UP,Assignment Completed
190640972-To be Filed,190640972,2019-03-05 10:28:02,"W LINCOLN AV / S 13TH ST,MKE",2,ACC PI,To be Filed
190641071-Assignment Completed,190641071,2019-03-05 11:09:45,"4966 N 21ST ST,MKE",7,FOLLOW UP,Assignment Completed
190641072-Service in Progress,190641072,2019-03-05 11:09:45,"2333 N 49TH ST,MKE",3,POLICE ADMIN,Service in Progress
190641048-Service in Progress,190641048,2019-03-05 11:08:52,"1900 N 1ST ST,MKE",5,RECK USE OF WEAP,Service in Progress
190641068-Service in Progress,190641068,2019-03-05 11:08:40,"4160 N PORT WASHINGTON AV,MKE",5,FOLLOW UP,Service in Progress
190641016-Service in Progress,190641016,2019-03-05 11:07:58,"3360 N SHERMAN BL,MKE",7,TRBL W/JUV,Service in Progress
190641067-Service in Progress,190641067,2019-03-05 11:07:53,"6929 W SILVER SPRING DR,MKE",4,REPORTS,Service in Progress
190641063-Service in Progress,190641063,2019-03-05 11:06:31,"6680 N TEUTONIA AV,MKE",4,POLICE ADMIN,Service in Progress
190641062-Service in Progress,190641062,2019-03-05 11:06:12,"9200 W WISCONSIN AV,MKE",3,FOLLOW UP,Service in Progress
190641045-Service in Progress,190641045,2019-03-05 11:05:42,"6850 N 53RD ST,MKE",4,BATTERY,Service in Progress
190641061-Assignment Completed,190641061,2019-03-05 11:05:12,"6929 W SILVER SPRING DR,MKE",4,RETURN STATION,Assignment Completed
190641023-Advised,190641023,2019-03-05 11:00:05,"4045 N 26TH ST,MKE",5,TRBL W/SUBJ,Advised
190641021-Advised,190641021,2019-03-05 10:54:57,"3620 W HAMPTON AV,MKE",7,FAMILY TROUBLE,Advised
190641036-Assignment Completed,190641036,2019-03-05 10:54:56,"2920 N VEL R PHILLIPS AV,MKE",5,RETURN STATION,Assignment Completed
190641031-Assignment Completed,190641031,2019-03-05 10:52:54,"4715 W VLIET ST,MKE",3,RETURN STATION,Assignment Completed
190641022-Filed Driver Exchange Report,190641022,2019-03-05 10:51:54,"S BURRELL ST / E BOLIVAR AV,MKE",6,ACC PDO,Filed Driver Exchange Report
190640985-Unable to Locate Complainant,190640985,2019-03-05 10:35:41,"1256 N 43RD ST,MKE",3,ACC PDO,Unable to Locate Complainant
190640977-Assignment Completed,190640977,2019-03-05 10:32:29,"9236 W BROWN DEER RD,MKE",4,BATTERY DV,Assignment Completed
190640971-Assignment Completed,190640971,2019-03-05 10:26:49,"2704 N HACKETT AV,MKE",1,SUBJ WANTED,Assignment Completed
190641057-Service in Progress,190641057,2019-03-05 11:12:27,"2527 S 13TH ST,MKE",2,VIOL REST ORD-DV,Service in Progress
190641073-Assignment Completed,190641073,2019-03-05 11:10:14,"683 S HAWLEY RD,MKE",3,BUSINESS CHECK,Assignment Completed
190641045-Advised,190641045,2019-03-05 11:05:42,"6850 N 53RD ST,MKE",4,BATTERY,Advised
190641005-Unable to Locate Complainant,190641005,2019-03-05 11:02:34,"N 39TH ST / W LANCASTER AV,MKE",7,CALL FOR POLICE,Unable to Locate Complainant
190641088-Service in Progress,190641088,2019-03-05 11:19:16,"2627 W CAPITOL DR,MKE",5,TRBL W/JUV,Service in Progress
190641091-Service in Progress,190641091,2019-03-05 11:19:06,"N SHERMAN BL / W FLORIST AV,MKE",4,PATROL,Service in Progress
190641090-Service in Progress,190641090,2019-03-05 11:18:19,"5706 W BLUE MOUND RD,MKE",3,TRAFFIC STOP,Service in Progress
190641089-Service in Progress,190641089,2019-03-05 11:18:12,"2727 W NORTH AV,MKE",3,BUSINESS CHECK,Service in Progress
190641086-City Citation(s) Issued,190641086,2019-03-05 11:17:37,"S 15TH ST / W NATIONAL AV,MKE",2,TRAFFIC STOP,City Citation(s) Issued
190641080-Advised,190641080,2019-03-05 11:17:23,"803 W SOMERS ST,MKE",5,THEFT,Advised
190640970-Service in Progress,190640970,2019-03-05 11:15:15,"3626 W FOND DU LAC AV,MKE",7,ASSIGNMENT,Service in Progress
190641079-Assignment Completed,190641079,2019-03-05 11:15:13,"3026 N 26TH ST,MKE",5,INVESTIGATION,Assignment Completed
190641111-Service in Progress,190641111,2019-03-05 11:23:31,"2333 N 49TH ST,MKE",3,REPORTS,Service in Progress
190641104-Service in Progress,190641104,2019-03-05 11:23:08,"1555 W GREENFIELD AV,MKE",2,TRBL W/SUBJ-DV,Service in Progress
190641110-Service in Progress,190641110,2019-03-05 11:23:04,"3006 S 27TH ST,MKE",6,RETURN STATION,Service in Progress
190641109-Assignment Completed,190641109,2019-03-05 11:22:59,"11800 W SILVER SPRING DR,MKE",4,BUSINESS CHECK,Assignment Completed
190641106-Service in Progress,190641106,2019-03-05 11:22:24,"2333 N 49TH ST,MKE",3,INVESTIGATION,Service in Progress
190641105-Service in Progress,190641105,2019-03-05 11:22:23,"2923 N TEUTONIA AV,MKE",5,BUSINESS CHECK,Service in Progress
190641094-Service in Progress,190641094,2019-03-05 11:21:24,"S 9TH ST / W HAYES AV,MKE",2,CALL FOR POLICE,Service in Progress
190641101-Service in Progress,190641101,2019-03-05 11:21:19,"2600 S 5TH ST,MKE",2,PATROL,Service in Progress
190641100-Service in Progress,190641100,2019-03-05 11:20:44,"2920 N VEL R PHILLIPS AV,MKE",5,POLICE ADMIN,Service in Progress
190641098-Assignment Completed,190641098,2019-03-05 11:20:24,"555 S 84TH ST,MKE",3,BUSINESS CHECK,Assignment Completed
190641097-Service in Progress,190641097,2019-03-05 11:20:05,"3006 S 27TH ST,MKE",6,CONVEY PROPERTY,Service in Progress
190641096-Service in Progress,190641096,2019-03-05 11:20:04,"333 E WISCONSIN AV,MKE",1,FOLLOW UP,Service in Progress
190641089-Assignment Completed,190641089,2019-03-05 11:18:12,"2727 W NORTH AV,MKE",3,BUSINESS CHECK,Assignment Completed
190641006-Advised,190641006,2019-03-05 11:03:50,"4479 N 44TH ST,MKE",7,FAMILY TROUBL-DV,Advised
190641121-Service in Progress,190641121,2019-03-05 11:29:34,"245 W LINCOLN AV,MKE",2,POLICE ADMIN,Service in Progress
190641119-Advised,190641119,2019-03-05 11:28:42,"1420 S 10TH ST,MKE",2,TRAFFIC HAZARD,Advised
190641099-Unable to Locate Complainant,190641099,2019-03-05 11:28:09,"3745 N 38TH ST,MKE",7,CALL FOR POLICE,Unable to Locate Complainant
190641118-Service in Progress,190641118,2019-03-05 11:26:46,"945 N 12TH ST,MKE",3,ASSIGNMENT,Service in Progress
190641117-Service in Progress,190641117,2019-03-05 11:26:38,"6645 W MILL RD,MKE",4,PROBATION/PAROLE,Service in Progress
190641116-Assignment Completed,190641116,2019-03-05 11:26:02,"3729 N PORT WASHINGTON AV,MKE",5,PROBATION/PAROLE,Assignment Completed
190641113-Assignment Completed,190641113,2019-03-05 11:25:22,"3626 W FOND DU LAC AV,MKE",7,RETURN STATION,Assignment Completed
190641105-Assignment Completed,190641105,2019-03-05 11:22:23,"2923 N TEUTONIA AV,MKE",5,BUSINESS CHECK,Assignment Completed
190641096-Assignment Completed,190641096,2019-03-05 11:20:04,"333 E WISCONSIN AV,MKE",1,FOLLOW UP,Assignment Completed
190641088-Unable to Locate Complainant,190641088,2019-03-05 11:19:16,"2627 W CAPITOL DR,MKE",5,TRBL W/JUV,Unable to Locate Complainant
190641055-Assignment Completed,190641055,2019-03-05 11:03:01,"433 W ST PAUL AV,MKE",1,BUSINESS CHECK,Assignment Completed
190641054-Assignment Completed,190641054,2019-03-05 11:02:28,"1400 W SONATA DR,MKE",6,SPECIAL ASSIGN,Assignment Completed
190640842-Unable to Locate Complainant,190640842,2019-03-05 11:01:40,"3167 N 14TH ST,MKE",5,SUBJ WANTED,Unable to Locate Complainant
190641002-Advised,190641002,2019-03-05 10:54:30,"3334 N HOLTON ST,MKE",5,THEFT,Advised
190641112-Advised,190641112,2019-03-05 11:34:46,"1988 S MUSKEGO AV,MKE",2,FRAUD,Advised
190641133-City Citation(s) Issued,190641133,2019-03-05 11:34:37,"1537 W NATIONAL AV,MKE",2,TRAFFIC STOP,City Citation(s) Issued
190641120-Service in Progress,190641120,2019-03-05 11:33:32,"2160 S 5TH PL,MKE",2,WELFARE CITIZEN,Service in Progress
190641129-Assignment Completed,190641129,2019-03-05 11:32:43,"5700 W CAPITOL DR,MKE",7,BUSINESS CHECK,Assignment Completed
190641128-Assignment Completed,190641128,2019-03-05 11:32:38,"4715 W VLIET ST,MKE",3,RETURN STATION,Assignment Completed
190641127-Assignment Completed,190641127,2019-03-05 11:32:26,"369 E OKLAHOMA AV,MKE",6,BUSINESS CHECK,Assignment Completed
190641125-Service in Progress,190641125,2019-03-05 11:31:44,"1229 E SINGER CR,MKE",5,TRBL W/SUBJ-DV,Service in Progress
190641126-Assignment Completed,190641126,2019-03-05 11:31:39,"6622 N 43RD ST,MKE",4,TRAFFIC STOP,Assignment Completed
190641115-Advised,190641115,2019-03-05 11:31:28,"2635 W JUNEAU AV,MKE",3,THEFT,Advised
190641124-Service in Progress,190641124,2019-03-05 11:30:33,"310 E CHICAGO ST,MKE",1,BUSINESS CHECK,Service in Progress
190641123-Service in Progress,190641123,2019-03-05 11:30:16,"6680 N TEUTONIA AV,MKE",4,PROPERTY PICKUP,Service in Progress
190641145-Assignment Completed,190641145,2019-03-05 11:39:05,"3006 S 27TH ST,MKE",6,RETURN STATION,Assignment Completed
190641143-Advised,190641143,2019-03-05 11:38:42,"6100 N TEUTONIA AV,MKE",4,TRAFFIC STOP,Advised
190641134-Unable to Locate Complainant,190641134,2019-03-05 11:36:05,"W KEEFE AV / N 11TH ST,MKE",5,SUSP PERS/AUTO,Unable to Locate Complainant
190641138-Assignment Completed,190641138,2019-03-05 11:36:01,"555 S 84TH ST,MKE",3,BUSINESS CHECK,Assignment Completed
190641136-Assignment Completed,190641136,2019-03-05 11:35:39,"3000 W CANAL ST,MKE",3,VEHICLE MAINT,Assignment Completed
190641122-Assignment Completed,190641122,2019-03-05 11:30:02,"8800 N SWAN RD,MKE",4,PATROL,Assignment Completed
190641101-Assignment Completed,190641101,2019-03-05 11:21:19,"2600 S 5TH ST,MKE",2,PATROL,Assignment Completed
190641090-City Citation(s) Issued,190641090,2019-03-05 11:18:19,"5706 W BLUE MOUND RD,MKE",3,TRAFFIC STOP,City Citation(s) Issued
190641062-Assignment Completed,190641062,2019-03-05 11:06:12,"9200 W WISCONSIN AV,MKE",3,FOLLOW UP,Assignment Completed
190641056-Assignment Completed,190641056,2019-03-05 11:03:55,"245 W LINCOLN AV,MKE",2,REPORTS,Assignment Completed
190641046-To be Filed,190641046,2019-03-05 10:59:52,"8721 W MONROVIA AV,MKE",4,FOLLOW UP,To be Filed
190640987-To be Filed,190640987,2019-03-05 10:42:19,"5162 N 57TH ST,MKE",7,BATTERY DV,To be Filed
190641161-Service in Progress,190641161,2019-03-05 11:44:32,"401 E CAPITOL DR,MKE",5,BUSINESS CHECK,Service in Progress
190641135-Advised,190641135,2019-03-05 11:43:22,"722 S 29TH ST,MKE",2,CALL FOR POLICE,Advised
190641157-Assignment Completed,190641157,2019-03-05 11:43:11,"5441 N LOVERS LANE RD,MKE",4,BUSINESS CHECK,Assignment Completed
190641156-Assignment Completed,190641156,2019-03-05 11:43:03,"4308 N 73RD ST,MKE",7,SPECIAL ASSIGN,Assignment Completed
190641153-Service in Progress,190641153,2019-03-05 11:42:55,"S 7TH ST / W HISTORIC MITCHELL ST,MKE",2,ACC PDO,Service in Progress
190641154-Service in Progress,190641154,2019-03-05 11:42:35,"E ST PAUL AV / N WATER ST,MKE",1,WELFARE CITIZEN,Service in Progress
190641152-Assignment Completed,190641152,2019-03-05 11:41:49,"1004 W ORCHARD ST,MKE",2,INVESTIGATION,Assignment Completed
190641132-Service in Progress,190641132,2019-03-05 11:41:43,"4850 N 82ND ST,MKE",7,TRBL W/JUV,Service in Progress
190641148-Assignment Completed,190641148,2019-03-05 11:40:25,"3626 W FOND DU LAC AV,MKE",7,POLICE ADMIN,Assignment Completed
190641120-Assignment Completed,190641120,2019-03-05 11:33:32,"2160 S 5TH PL,MKE",2,WELFARE CITIZEN,Assignment Completed
190641124-Assignment Completed,190641124,2019-03-05 11:30:33,"310 E CHICAGO ST,MKE",1,BUSINESS CHECK,Assignment Completed
190641121-Assignment Completed,190641121,2019-03-05 11:29:34,"245 W LINCOLN AV,MKE",2,POLICE ADMIN,Assignment Completed
190641175-Service in Progress,190641175,2019-03-05 11:48:50,"N 3RD ST / W KEEFE AV,MKE",5,SUBJ WANTED,Service in Progress
190641174-City Citation(s) Issued,190641174,2019-03-05 11:48:48,"908 S CESAR E CHAVEZ DR,MKE",2,TRAFFIC STOP,City Citation(s) Issued
190641173-Assignment Completed,190641173,2019-03-05 11:48:46,"4420 W CAPITOL DR,MKE",7,BUSINESS CHECK,Assignment Completed
190641172-Assignment Completed,190641172,2019-03-05 11:48:40,"7315 W APPLETON AV,MKE",7,BUSINESS CHECK,Assignment Completed
190641171-Service in Progress,190641171,2019-03-05 11:48:34,"6680 N TEUTONIA AV,MKE",4,PROPERTY PICKUP,Service in Progress
190641169-Assignment Completed,190641169,2019-03-05 11:48:21,"N 35TH ST / W NORTH AV,MKE",3,ACC PI,Assignment Completed
190641170-Service in Progress,190641170,2019-03-05 11:47:38,"6929 W SILVER SPRING DR,MKE",4,SPECIAL ASSIGN,Service in Progress
190641168-Assignment Completed,190641168,2019-03-05 11:47:02,369 E OKLAHOMA AV,6,BUSINESS CHECK,Assignment Completed
190641164-Service in Progress,190641164,2019-03-05 11:46:49,"4265 N 30TH ST,MKE",5,IND EXPOSURE,Service in Progress
190641162-Assignment Completed,190641162,2019-03-05 11:45:14,"7315 W APPLETON AV,MKE",7,BUSINESS CHECK,Assignment Completed
190641163-Assignment Completed,190641163,2019-03-05 11:45:14,"6680 N TEUTONIA AV,MKE",4,POLICE ADMIN,Assignment Completed
190641110-Assignment Completed,190641110,2019-03-05 11:23:04,"3006 S 27TH ST,MKE",6,RETURN STATION,Assignment Completed
190641192-Advised,190641192,2019-03-05 11:54:40,"650 S 6TH ST,MKE",2,TRAFFIC STOP,Advised
190641186-Unable to Locate Complainant,190641186,2019-03-05 11:54:37,"3567 N 18TH ST,MKE",5,SUBJ WITH GUN,Unable to Locate Complainant
190641191-Service in Progress,190641191,2019-03-05 11:54:37,"3006 S 27TH ST,MKE",6,RETURN STATION,Service in Progress
190641184-Service in Progress,190641184,2019-03-05 11:52:02,"112 S 68TH ST,MKE",3,VEHICLE MAINT,Service in Progress
190641183-Assignment Completed,190641183,2019-03-05 11:51:27,"2438 W HOPKINS ST,MKE",5,BUSINESS CHECK,Assignment Completed
190641180-Unable to Locate Complainant,190641180,2019-03-05 11:51:05,"3056 W MEINECKE AV,MKE",3,CALL FOR POLICE,Unable to Locate Complainant
190641182-Service in Progress,190641182,2019-03-05 11:50:54,"633 W WISCONSIN AV,MKE",1,BUSINESS CHECK,Service in Progress
190641181-Service in Progress,190641181,2019-03-05 11:50:53,"6800 N TEUTONIA AV,MKE",4,PATROL,Service in Progress
190641178-Service in Progress,190641178,2019-03-05 11:50:51,"3303 N 29TH ST,MKE",5,TRBL W/SUBJ,Service in Progress
190641104-Advised/Referral,190641104,2019-03-05 11:23:08,"1555 W GREENFIELD AV,MKE",2,TRBL W/SUBJ-DV,Advised/Referral
190641097-Assignment Completed,190641097,2019-03-05 11:20:05,"3006 S 27TH ST,MKE",6,CONVEY PROPERTY,Assignment Completed
190641199-City Citation(s) Issued,190641199,2019-03-05 11:58:55,"3216 N HUMBOLDT BL,MKE",5,TRAFFIC STOP,City Citation(s) Issued
190641198-Assignment Completed,190641198,2019-03-05 11:57:42,"4061 N 54TH ST,MKE",7,BUSINESS CHECK,Assignment Completed
190641197-Advised,190641197,2019-03-05 11:57:31,"1758 N 34TH ST,MKE",3,TRAFFIC STOP,Advised
190641189-Unable to Locate Complainant,190641189,2019-03-05 11:57:27,"2107 W VILLARD AV,MKE",7,TRBL W/SUBJ,Unable to Locate Complainant
190641195-Assignment Completed,190641195,2019-03-05 11:56:55,"2727 W NORTH AV,MKE",3,BUSINESS CHECK,Assignment Completed
190641194-Assignment Completed,190641194,2019-03-05 11:55:43,"7025 W MAIN ST,MKE",3,BUSINESS CHECK,Assignment Completed
190641193-Service in Progress,190641193,2019-03-05 11:55:14,"545 N 5TH ST,MKE",1,TRAFFIC STOP,Service in Progress
190641160-Unable to Locate Complainant,190641160,2019-03-05 11:55:08,"369 E OKLAHOMA AV,MKE",6,SUBJ WANTED,Unable to Locate Complainant
190641190-Assignment Completed,190641190,2019-03-05 11:55:06,"1832 S 26TH ST,MKE",2,SHOTSPOTTER,Assignment Completed
190641111-Assignment Completed,190641111,2019-03-05 11:23:31,"2333 N 49TH ST,MKE",3,REPORTS,Assignment Completed
190641094-City Citation(s) Issued,190641094,2019-03-05 11:21:24,"S 9TH ST / W HAYES AV,MKE",2,PROPERTY DAMAGE,City Citation(s) Issued
190641208-Service in Progress,190641208,2019-03-05 12:04:32,"N 99TH ST / W EVERTS ST,MKE",4,PATROL,Service in Progress
190641207-Assignment Completed,190641207,2019-03-05 12:04:08,"3006 S 27TH ST,MKE",6,RETURN STATION,Assignment Completed
190641206-City Citation(s) Issued,190641206,2019-03-05 12:04:04,"1100 E NORTH AV,MKE",5,TRAFFIC STOP,City Citation(s) Issued
190641204-Service in Progress,190641204,2019-03-05 12:02:10,"3006 S 27TH ST,MKE",6,RETURN STATION,Service in Progress
190641203-Assignment Completed,190641203,2019-03-05 12:01:51,"245 W LINCOLN AV,MKE",2,PICKUP PARTNER,Assignment Completed
190641202-City Citation(s) Issued,190641202,2019-03-05 12:01:50,"3626 W FOND DU LAC AV,MKE",7,PARKING TROUBLE,City Citation(s) Issued
190641201-Service in Progress,190641201,2019-03-05 12:01:23,"3626 W FOND DU LAC AV,MKE",7,MED RUN,Service in Progress
190641193-City Citation(s) Issued,190641193,2019-03-05 11:55:14,"545 N 5TH ST,MKE",1,TRAFFIC STOP,City Citation(s) Issued
190641182-Assignment Completed,190641182,2019-03-05 11:50:54,"633 W WISCONSIN AV,MKE",1,BUSINESS CHECK,Assignment Completed
190641178-Advised,190641178,2019-03-05 11:50:51,"3303 N 29TH ST,MKE",5,TRBL W/SUBJ,Advised
190641229-Assignment Completed,190641229,2019-03-05 12:09:59,"6200 S 13TH ST,MKE",6,BUSINESS CHECK,Assignment Completed
190641228-Service in Progress,190641228,2019-03-05 12:09:47,"2549 S KINNICKINNIC AV,MKE",6,TRAFFIC STOP,Service in Progress
190641227-Advised,190641227,2019-03-05 12:09:36,"6313 W CONGRESS ST,MKE",7,TRAFFIC STOP,Advised
190641224-Assignment Completed,190641224,2019-03-05 12:09:19,"W WISCONSIN AV / N 35TH ST,MKE",3,TRAFFIC HAZARD,Assignment Completed
190641223-Assignment Completed,190641223,2019-03-05 12:08:11,"1535 W NORTH AV,MKE",3,FOLLOW UP,Assignment Completed
190641221-City Citation(s) Issued,190641221,2019-03-05 12:07:31,"4221 W FLORIST AV,MKE",4,TRAFFIC STOP,City Citation(s) Issued
190641158-Open Investigation,190641158,2019-03-05 12:06:46,"632 E OGDEN AV,MKE",1,THEFT,Open Investigation
190641216-Assignment Completed,190641216,2019-03-05 12:06:18,"1236 S 1ST ST,MKE",2,BUSINESS CHECK,Assignment Completed
190641217-Service in Progress,190641217,2019-03-05 12:06:18,"N 32ND ST / W LLOYD ST,MKE",3,TRAFFIC STOP,Service in Progress
190641214-Assignment Completed,190641214,2019-03-05 12:06:07,"2607 S 5TH ST,MKE",2,BUSINESS CHECK,Assignment Completed
190641213-City Citation(s) Issued,190641213,2019-03-05 12:05:45,"1007 E NORTH AV,MKE",5,TRAFFIC STOP,City Citation(s) Issued
190641212-City Citation(s) Issued,190641212,2019-03-05 12:05:05,"2006 W NATIONAL AV,MKE",2,TRAFFIC STOP,City Citation(s) Issued
190641211-Assignment Completed,190641211,2019-03-05 12:05:01,"8431 W APPLETON AV,MKE",7,BUSINESS CHECK,Assignment Completed
190641208-Assignment Completed,190641208,2019-03-05 12:04:32,"N 99TH ST / W EVERTS ST,MKE",4,PATROL,Assignment Completed
190641204-Assignment Completed,190641204,2019-03-05 12:02:10,"3006 S 27TH ST,MKE",6,RETURN STATION,Assignment Completed
190641170-Assignment Completed,190641170,2019-03-05 11:47:38,"6929 W SILVER SPRING DR,MKE",4,SPECIAL ASSIGN,Assignment Completed
190641161-Assignment Completed,190641161,2019-03-05 11:44:32,"401 E CAPITOL DR,MKE",5,BUSINESS CHECK,Assignment Completed
190641125-Advised,190641125,2019-03-05 11:31:44,"1229 E SINGER CR,MKE",5,TRBL W/SUBJ-DV,Advised
190641106-Assignment Completed,190641106,2019-03-05 11:22:24,"2333 N 49TH ST,MKE",3,INVESTIGATION,Assignment Completed
190641246-Service in Progress,190641246,2019-03-05 12:14:38,"245 W LINCOLN AV,MKE",2,SPECIAL ASSIGN,Service in Progress
190641210-Service in Progress,190641210,2019-03-05 12:14:07,"2831 N 60TH ST,MKE",7,FAMILY TROUBLE,Service in Progress
190641245-Assignment Completed,190641245,2019-03-05 12:14:03,"5816 W NORTH AV,MKE",3,BUSINESS CHECK,Assignment Completed
190641243-Assignment Completed,190641243,2019-03-05 12:13:20,"1600 W FOREST HOME AV,MKE",2,PARK AND WALK,Assignment Completed
190641242-Assignment Completed,190641242,2019-03-05 12:13:13,"900 W DAKOTA ST,MKE",6,PATROL,Assignment Completed
190641218-Service in Progress,190641218,2019-03-05 12:13:12,"4652 N PARKWAY AV,MKE",7,FAMILY TROUBLE,Service in Progress
190641232-Service in Progress,190641232,2019-03-05 12:13:08,"10713 W ROHR AV,MKE",4,TRBL W/SUBJ,Service in Progress
190641237-Advised,190641237,2019-03-05 12:12:42,"N TEUTONIA AV / W CORNELL ST,MKE",5,ACC PDO,Advised
190641234-Service in Progress,190641234,2019-03-05 12:12:29,"4126 W BURLEIGH ST,MKE",7,ENTRY,Service in Progress
190641239-Advised,190641239,2019-03-05 12:12:18,"3700 N HUMBOLDT BL,MKE",5,TRAFFIC STOP,Advised
190641236-Assignment Completed,190641236,2019-03-05 12:11:19,"2920 N VEL R PHILLIPS AV,MKE",5,RETURN STATION,Assignment Completed
190641235-Service in Progress,190641235,2019-03-05 12:11:03,"245 W LINCOLN AV,MKE",2,RETURN STATION,Service in Progress
190641230-Service in Progress,190641230,2019-03-05 12:10:09,"1724 N 24TH ST,MKE",3,INVESTIGATION,Service in Progress
190641228-Advised,190641228,2019-03-05 12:09:47,"2549 S KINNICKINNIC AV,MKE",6,TRAFFIC STOP,Advised
190641154-Assignment Completed,190641154,2019-03-05 11:42:35,"E ST PAUL AV / N WATER ST,MKE",1,WELFARE CITIZEN,Assignment Completed
190641256-Assignment Completed,190641256,2019-03-05 12:18:53,"1940 N FARWELL AV,MKE",1,BUSINESS CHECK,Assignment Completed
190641254-Advised,190641254,2019-03-05 12:18:05,"3256 N HUMBOLDT BL,MKE",5,TRAFFIC STOP,Advised
190641253-Advised,190641253,2019-03-05 12:17:38,"2465 N HUMBOLDT BL,MKE",5,TRAFFIC STOP,Advised
190641252-Service in Progress,190641252,2019-03-05 12:17:35,"5600 W CAPITOL DR,MKE",7,BUSINESS CHECK,Service in Progress
190641244-Service in Progress,190641244,2019-03-05 12:16:44,"2600 N 32ND ST,MKE",3,ACC PDO,Service in Progress
190641248-Service in Progress,190641248,2019-03-05 12:15:04,"2920 N VEL R PHILLIPS AV,MKE",5,SPECIAL ASSIGN,Service in Progress
190641235-Assignment Completed,190641235,2019-03-05 12:11:03,"245 W LINCOLN AV,MKE",2,RETURN STATION,Assignment Completed
190641153-To be Filed,190641153,2019-03-05 11:42:55,"S 7TH ST / W HISTORIC MITCHELL ST,MKE",2,ACC PDO,To be Filed
190641265-Service in Progress,190641265,2019-03-05 12:23:37,"N 38TH ST / W CAPITOL DR,MKE",7,ACC PI,Service in Progress
190641270-Assignment Completed,190641270,2019-03-05 12:23:29,"9200 W BLUE MOUND RD,MKE",3,BUSINESS CHECK,Assignment Completed
190641269-Service in Progress,190641269,2019-03-05 12:23:23,"245 W LINCOLN AV,MKE",2,RETURN STATION,Service in Progress
190641257-Service in Progress,190641257,2019-03-05 12:23:19,"2525 N SHERMAN BL,MKE",3,TRBL W/JUV,Service in Progress
190641266-Advised,190641266,2019-03-05 12:22:51,"930 E BURLEIGH ST,MKE",5,TRAFFIC STOP,Advised
190641267-Advised,190641267,2019-03-05 12:22:51,"4374 N 27TH ST,MKE",5,TRAFFIC STOP,Advised
190641258-Service in Progress,190641258,2019-03-05 12:22:49,"2809 N 45TH ST,MKE",7,BATTERY DV,Service in Progress
190641251-Advised,190641251,2019-03-05 12:22:36,"6600 W MELVINA ST,MKE",7,TRBL W/JUV,Advised
190641259-Assignment Completed,190641259,2019-03-05 12:22:23,"2353 S 12TH ST,MKE",2,INJ PERSON/SICK,Assignment Completed
190641260-City Citation(s) Issued,190641260,2019-03-05 12:20:58,"3437 N 2ND ST,MKE",5,PARKING TROUBLE,City Citation(s) Issued
190641252-Assignment Completed,190641252,2019-03-05 12:17:35,"5600 W CAPITOL DR,MKE",7,BUSINESS CHECK,Assignment Completed
190641217-City Citation(s) Issued,190641217,2019-03-05 12:06:18,"N 32ND ST / W LLOYD ST,MKE",3,TRAFFIC STOP,City Citation(s) Issued
190641184-Assignment Completed,190641184,2019-03-05 11:52:02,"112 S 68TH ST,MKE",3,VEHICLE MAINT,Assignment Completed
190641285-Service in Progress,190641285,2019-03-05 12:29:44,"6017 N 39TH ST,MKE",4,WELFARE CITIZEN,Service in Progress
190641287-City Citation(s) Issued,190641287,2019-03-05 12:29:20,"2538 N HUMBOLDT BL,MKE",5,TRAFFIC STOP,City Citation(s) Issued
190641286-Assignment Completed,190641286,2019-03-05 12:29:13,"2920 N VEL R PHILLIPS AV,MKE",5,RETURN STATION,Assignment Completed
190641283-City Citation(s) Issued,190641283,2019-03-05 12:28:30,"3348 N HUMBOLDT BL,MKE",5,TRAFFIC STOP,City Citation(s) Issued
190641209-Service in Progress,190641209,2019-03-05 12:28:15,"4619 N 46TH ST,MKE",7,TRBL W/SUBJ,Service in Progress
190641281-Assignment Completed,190641281,2019-03-05 12:27:25,"N 6TH ST / W MC KINLEY AV,MKE",1,TRAFFIC STOP,Assignment Completed
190641279-Service in Progress,190641279,2019-03-05 12:26:50,"700 S 4TH ST,MKE",2,FOLLOW UP,Service in Progress
190641278-Service in Progress,190641278,2019-03-05 12:26:46,"3260 S 108TH ST, GREENFIELD",6,SUBJ WANTED,Service in Progress
190641277-Advised,190641277,2019-03-05 12:26:25,"1100-BLK E NORTH AV,MKE",5,TRAFFIC STOP,Advised
190641185-Assignment Completed,190641185,2019-03-05 12:26:24,"2221 S 5TH PL,MKE",2,THEFT,Assignment Completed
190641276-Assignment Completed,190641276,2019-03-05 12:25:46,"N 48TH ST / W CLARKE ST,MKE",3,STOLEN VEHICLE,Assignment Completed
190641275-City Citation(s) Issued,190641275,2019-03-05 12:25:06,"2200 W NATIONAL AV,MKE",2,TRAFFIC STOP,City Citation(s) Issued
190641132-Advised,190641132,2019-03-05 11:41:43,"4850 N 82ND ST,MKE",7,TRBL W/JUV,Advised
190641301-Service in Progress,190641301,2019-03-05 12:34:46,"749 W STATE ST,MKE",1,PRISONER TRANS,Service in Progress
190641300-Service in Progress,190641300,2019-03-05 12:34:44,"749 W STATE ST,MKE",1,SPECIAL ASSIGN,Service in Progress
190641297-Advised,190641297,2019-03-05 12:33:03,"1689 S MUSKEGO AV,MKE",2,TRAFFIC STOP,Advised
190641296-Assignment Completed,190641296,2019-03-05 12:32:35,"2655 N 15TH ST,MKE",3,VACANT HOUSE CHK,Assignment Completed
190641293-Service in Progress,190641293,2019-03-05 12:31:12,"N 16TH ST / W CENTER ST,MKE",3,SPECIAL ASSIGN,Service in Progress
190641289-Service in Progress,190641289,2019-03-05 12:31:08,"N 53RD ST / W HAMPTON AV,MKE",7,ACC PI,Service in Progress
190641291-Assignment Completed,190641291,2019-03-05 12:30:48,"225 E CHICAGO ST,MKE",1,FOLLOW UP,Assignment Completed
190641290-Service in Progress,190641290,2019-03-05 12:30:34,"4479 N 44TH ST,MKE",7,FIGHT,Service in Progress
190641281-City Citation(s) Issued,190641281,2019-03-05 12:27:25,"N 6TH ST / W MC KINLEY AV,MKE",1,TRAFFIC STOP,City Citation(s) Issued
190641210-Advised,190641210,2019-03-05 12:14:07,"2831 N 60TH ST,MKE",7,FAMILY TROUBLE,Advised
190641321-Advised,190641321,2019-03-05 12:39:28,"3123 N HUMBOLDT BL,MKE",5,TRAFFIC STOP,Advised
190641312-Service in Progress,190641312,2019-03-05 12:39:27,"123 W OKLAHOMA AV,MKE",6,THEFT,Service in Progress
190641313-Service in Progress,190641313,2019-03-05 12:39:19,"533 N 33RD ST,MKE",3,WELFARE CITIZEN,Service in Progress
190641318-Service in Progress,190641318,2019-03-05 12:39:16,"2920 N VEL R PHILLIPS AV,MKE",5,REPORTS,Service in Progress
190641317-Assignment Completed,190641317,2019-03-05 12:38:48,"2608 W FOREST HOME AV,MKE",2,PROBATION/PAROLE,Assignment Completed
190641314-Service in Progress,190641314,2019-03-05 12:37:12,"8035 W POTOMAC AV,MKE",7,FOLLOW UP,Service in Progress
190641292-Service in Progress,190641292,2019-03-05 12:37:03,"2677 N 40TH ST,MKE",3,ACC PDO,Service in Progress
190641308-Service in Progress,190641308,2019-03-05 12:36:48,"2744 N 9TH ST,MKE",5,SUBJ WITH WEAPON,Service in Progress
190641311-Service in Progress,190641311,2019-03-05 12:36:27,"3006 S 27TH ST,MKE",6,SPECIAL ASSIGN,Service in Progress
190641307-Service in Progress,190641307,2019-03-05 12:35:56,"1609 E NORTH AV,MKE",1,BUSINESS CHECK,Service in Progress
190641306-Service in Progress,190641306,2019-03-05 12:35:45,"6680 N TEUTONIA AV,MKE",4,PROPERTY PICKUP,Service in Progress
190641305-Service in Progress,190641305,2019-03-05 12:35:36,"3860 S HOWELL AV,MKE",6,POLICE ADMIN,Service in Progress
190641302-City Citation(s) Issued,190641302,2019-03-05 12:35:17,"5742 W SILVER SPRING DR,MKE",4,TRAFFIC STOP,City Citation(s) Issued
190641301-Assignment Completed,190641301,2019-03-05 12:34:46,"749 W STATE ST,MKE",1,PRISONER TRANS,Assignment Completed
190641191-Assignment Completed,190641191,2019-03-05 11:54:37,"3006 S 27TH ST,MKE",6,RETURN STATION,Assignment Completed
190641181-Assignment Completed,190641181,2019-03-05 11:50:53,"6800 N TEUTONIA AV,MKE",4,PATROL,Assignment Completed
190641171-Assignment Completed,190641171,2019-03-05 11:48:34,"6680 N TEUTONIA AV,MKE",4,PROPERTY PICKUP,Assignment Completed
190641336-Assignment Completed,190641336,2019-03-05 12:44:53,"607 S 70TH ST,MKE",3,BUSINESS CHECK,Assignment Completed
190641335-Service in Progress,190641335,2019-03-05 12:44:01,"749 W STATE ST,MKE",1,SPECIAL ASSIGN,Service in Progress
190641331-Service in Progress,190641331,2019-03-05 12:43:49,"N 15TH ST / W CENTER ST,MKE",3,RECKLESS VEHICLE,Service in Progress
190641334-Service in Progress,190641334,2019-03-05 12:43:38,"1600 W GREENFIELD AV,MKE",2,PATROL,Service in Progress
190641333-Assignment Completed,190641333,2019-03-05 12:43:06,"6292 S 27TH ST,MKE",6,BUSINESS CHECK,Assignment Completed
190641332-Service in Progress,190641332,2019-03-05 12:42:47,"2570 N 50TH ST,MKE",3,PROBATION/PAROLE,Service in Progress
190641330-City Citation(s) Issued,190641330,2019-03-05 12:42:37,"1121 E NORTH AV,MKE",5,TRAFFIC STOP,City Citation(s) Issued
190641327-City Citation(s) Issued,190641327,2019-03-05 12:41:15,"1545 W NATIONAL AV,MKE",2,TRAFFIC STOP,City Citation(s) Issued
190641326-Service in Progress,190641326,2019-03-05 12:41:03,"370 E CAPITOL DR,MKE",5,BUSINESS CHECK,Service in Progress
190641325-City Citation(s) Issued,190641325,2019-03-05 12:40:36,"10201 W BRADLEY RD,MKE",4,TRAFFIC STOP,City Citation(s) Issued
190641322-Service in Progress,190641322,2019-03-05 12:40:16,"2918 N 12TH ST,MKE",5,TRBL W/SUBJ-DV,Service in Progress
190641314-Assignment Completed,190641314,2019-03-05 12:37:12,"8035 W POTOMAC AV,MKE",7,FOLLOW UP,Assignment Completed
190641307-Assignment Completed,190641307,2019-03-05 12:35:56,"1609 E NORTH AV,MKE",1,BUSINESS CHECK,Assignment Completed
190641289-Assignment Completed,190641289,2019-03-05 12:31:08,"N 53RD ST / W HAMPTON AV,MKE",7,ACC PI,Assignment Completed
190641285-Advised,190641285,2019-03-05 12:29:44,"6017 N 39TH ST,MKE",4,WELFARE CITIZEN,Advised
190641209-Assignment Completed,190641209,2019-03-05 12:28:15,4619 S 46TH ST,7,TRBL W/SUBJ,Assignment Completed
190641175-Assignment Completed,190641175,2019-03-05 11:48:50,"N 3RD ST / W KEEFE AV,MKE",5,SUBJ WANTED,Assignment Completed
190641357-Service in Progress,190641357,2019-03-05 12:49:59,"749 W STATE ST,MKE",1,POLICE ADMIN,Service in Progress
190641353-City Citation(s) Issued,190641353,2019-03-05 12:49:18,"2722 N HUMBOLDT BL,MKE",5,TRAFFIC STOP,City Citation(s) Issued
190641351-Advised,190641351,2019-03-05 12:48:58,"3229 S 26TH ST,MKE",6,TRAFFIC STOP,Advised
190641349-Advised,190641349,2019-03-05 12:48:34,"2417 N HUMBOLDT BL,MKE",5,TRAFFIC STOP,Advised
190641348-Assignment Completed,190641348,2019-03-05 12:48:27,"5310 W MAXWELL PL,MKE",7,BUSINESS CHECK,Assignment Completed
190641319-Service in Progress,190641319,2019-03-05 12:48:22,"1618 W KEEFE AV,MKE",5,BATTERY,Service in Progress
190641345-Service in Progress,190641345,2019-03-05 12:47:47,"1966 S 12TH ST,MKE",2,PROBATION/PAROLE,Service in Progress
190641343-Assignment Completed,190641343,2019-03-05 12:47:22,"1600 W LINCOLN AV,MKE",2,PATROL,Assignment Completed
190641340-Assignment Completed,190641340,2019-03-05 12:46:30,"GULLS UNIFORM, OAK CREEK",CITY,PROPERTY PICKUP,Assignment Completed
190641339-Service in Progress,190641339,2019-03-05 12:46:02,"749 W STATE ST,MKE",1,SPECIAL ASSIGN,Service in Progress
190641338-Assignment Completed,190641338,2019-03-05 12:45:51,"4715 W VLIET ST,MKE",3,POLICE ADMIN,Assignment Completed
190641326-Assignment Completed,190641326,2019-03-05 12:41:03,"370 E CAPITOL DR,MKE",5,BUSINESS CHECK,Assignment Completed
190641269-Assignment Completed,190641269,2019-03-05 12:23:23,"245 W LINCOLN AV,MKE",2,RETURN STATION,Assignment Completed
190641369-Assignment Completed,190641369,2019-03-05 12:54:58,2310 S 43RD ST,2,BUSINESS CHECK,Assignment Completed
190641328-Advised,190641328,2019-03-05 12:54:21,"2200 N 31ST ST,MKE",3,THEFT,Advised
190641366-Service in Progress,190641366,2019-03-05 12:54:10,"749 W STATE ST,MKE",1,POLICE ADMIN,Service in Progress
190641361-City Citation(s) Issued,190641361,2019-03-05 12:54:09,"3617 N PORT WASHINGTON AV,MKE",5,PROPERTY DAMAGE,City Citation(s) Issued
190641364-Service in Progress,190641364,2019-03-05 12:53:30,"6680 N TEUTONIA AV,MKE",4,SPECIAL ASSIGN,Service in Progress
190641359-Service in Progress,190641359,2019-03-05 12:51:55,"9100-10700 W GOOD HOPE RD,MKE",4,PATROL,Service in Progress
190641329-Advised,190641329,2019-03-05 12:51:40,"3950 N 92ND ST,MKE",7,TRBL W/JUV,Advised
190641355-Service in Progress,190641355,2019-03-05 12:50:23,"2228 W CHERRY ST,MKE",3,PROPERTY DAM-DV,Service in Progress
190641218-Advised,190641218,2019-03-05 12:13:12,"4652 N PARKWAY AV,MKE",7,FAMILY TROUBLE,Advised
190641320-Service in Progress,190641320,2019-03-05 12:59:44,"N 41ST ST / W CONCORDIA AV,MKE",7,CALL FOR POLICE,Service in Progress
190641384-Service in Progress,190641384,2019-03-05 12:59:07,"6929 W SILVER SPRING DR,MKE",4,FOLLOW UP,Service in Progress
190641383-City Citation(s) Issued,190641383,2019-03-05 12:58:29,"1107 W NATIONAL AV,MKE",2,TRAFFIC STOP,City Citation(s) Issued
190641381-Assignment Completed,190641381,2019-03-05 12:56:45,"4025 W LINCOLN AV,MKE",2,BUSINESS CHECK,Assignment Completed
190641374-Service in Progress,190641374,2019-03-05 12:56:33,"N 20TH ST / W BURLEIGH ST,MKE",5,TRAFFIC CONTROL,Service in Progress
190641379-Assignment Completed,190641379,2019-03-05 12:56:31,"4900 N 72ND ST,MKE",7,FOLLOW UP,Assignment Completed
190641378-Service in Progress,190641378,2019-03-05 12:56:09,"4850 N 82ND ST,MKE",7,TRBL W/JUV,Service in Progress
190641377-Assignment Completed,190641377,2019-03-05 12:56:05,"2333 N 49TH ST,MKE",3,RETURN STATION,Assignment Completed
190641362-Open Investigation,190641362,2019-03-05 12:55:31,"3860 S 27TH ST,MKE",6,SHOPLIFTER,Open Investigation
190641371-Advised,190641371,2019-03-05 12:55:29,"2810 N HUMBOLDT BL,MKE",5,TRAFFIC STOP,Advised
190641370-City Citation(s) Issued,190641370,2019-03-05 12:55:05,"3700 N HUMBOLDT BL,MKE",5,TRAFFIC STOP,City Citation(s) Issued
190641334-Assignment Completed,190641334,2019-03-05 12:43:38,"1600 W GREENFIELD AV,MKE",2,PATROL,Assignment Completed
190641312-Open Investigation,190641312,2019-03-05 12:39:27,"123 W OKLAHOMA AV,MKE",6,THEFT,Open Investigation
190641313-Advised,190641313,2019-03-05 12:39:19,"533 N 33RD ST,MKE",3,WELFARE CITIZEN,Advised
190641318-Assignment Completed,190641318,2019-03-05 12:39:16,"2920 N VEL R PHILLIPS AV,MKE",5,REPORTS,Assignment Completed
190641248-Assignment Completed,190641248,2019-03-05 12:15:04,"2920 N VEL R PHILLIPS AV,MKE",5,SPECIAL ASSIGN,Assignment Completed
190641232-Advised,190641232,2019-03-05 12:13:08,"10713 W ROHR AV,MKE",4,TRBL W/SUBJ,Advised
190641378-Advised,190641378,2019-03-05 12:56:09,"4850 N 82ND ST,MKE",7,TRBL W/JUV,Advised
190641322-No Prosecution,190641322,2019-03-05 12:40:16,"2918 N 12TH ST,MKE",5,TRBL W/SUBJ-DV,No Prosecution
190641308-Assignment Completed,190641308,2019-03-05 12:36:48,"2744 N 9TH ST,MKE",5,SUBJ WITH WEAPON,Assignment Completed
190641400-Service in Progress,190641400,2019-03-05 13:04:49,"3006 S 27TH ST,MKE",6,RETURN STATION,Service in Progress
190641398-Service in Progress,190641398,2019-03-05 13:04:29,"949 N 9TH ST,MKE",1,COURT DUTY,Service in Progress
190641399-City Citation(s) Issued,190641399,2019-03-05 13:04:29,"7222 N 99TH ST,MKE",4,TRAFFIC STOP,City Citation(s) Issued
190641397-Advised,190641397,2019-03-05 13:04:28,"3113 N HUMBOLDT BL,MKE",5,TRAFFIC STOP,Advised
190641396-Advised,190641396,2019-03-05 13:04:00,"1103 E NORTH AV,MKE",5,TRAFFIC STOP,Advised
190641389-Unable to Locate Complainant,190641389,2019-03-05 13:03:52,"S 23RD ST / W KIMBERLY AV,MKE",6,SUSP PERS/AUTO,Unable to Locate Complainant
190641395-Service in Progress,190641395,2019-03-05 13:03:44,"2333 N 49TH ST,MKE",3,INVESTIGATION,Service in Progress
190641394-Service in Progress,190641394,2019-03-05 13:03:38,"6000 N SHERMAN BL,MKE",4,TRAFFIC STOP,Service in Progress
190641393-Assignment Completed,190641393,2019-03-05 13:03:33,"2931 W LINCOLN AV,MKE",2,BUSINESS CHECK,Assignment Completed
190641392-Assignment Completed,190641392,2019-03-05 13:03:11,"2801 N 20TH ST,MKE",5,BUSINESS CHECK,Assignment Completed
190641391-Service in Progress,190641391,2019-03-05 13:02:56,"3626 W FOND DU LAC AV,MKE",7,PRISONER TRANS,Service in Progress
190641390-Assignment Completed,190641390,2019-03-05 13:02:18,"1560 S UNION ST,MKE",2,FOLLOW UP,Assignment Completed
190641386-Service in Progress,190641386,2019-03-05 13:01:10,"4600 N 39TH ST,MKE",7,ENTRY,Service in Progress
190641388-City Citation(s) Issued,190641388,2019-03-05 13:01:00,"1101 E NORTH AV,MKE",5,TRAFFIC STOP,City Citation(s) Issued
190641382-Advised/Referral,190641382,2019-03-05 13:00:27,"700 W GRANGE AV,MKE",6,INJ PERSON/SICK,Advised/Referral
190641387-Assignment Completed,190641387,2019-03-05 13:00:02,"5800 N 91ST ST,MKE",4,PATROL,Assignment Completed
190641320-Unable to Locate Complainant,190641320,2019-03-05 12:59:44,"N 41ST ST / W CONCORDIA AV,MKE",7,CALL FOR POLICE,Unable to Locate Complainant
190641359-Assignment Completed,190641359,2019-03-05 12:51:55,"9100-10700 W GOOD HOPE RD,MKE",4,PATROL,Assignment Completed
190641345-Assignment Completed,190641345,2019-03-05 12:47:47,"1966 S 12TH ST,MKE",2,PROBATION/PAROLE,Assignment Completed
190641278-Assignment Completed,190641278,2019-03-05 12:26:46,"3260 S 108TH ST, GREENFIELD",6,SUBJ WANTED,Assignment Completed
190641234-Assignment Completed,190641234,2019-03-05 12:12:29,"4126 W BURLEIGH ST,MKE",7,ENTRY,Assignment Completed
190641376-Service in Progress,190641376,2019-03-05 13:09:46,"8128 W HERBERT AV,MKE",7,ENTRY,Service in Progress
190641409-Service in Progress,190641409,2019-03-05 13:09:22,"1200 W GREENFIELD AV,MKE",2,TRAFFIC HAZARD,Service in Progress
190641408-City Citation(s) Issued,190641408,2019-03-05 13:09:01,"12801 W GOOD HOPE RD, MENOMONEE FALLS",4,TRAFFIC STOP,City Citation(s) Issued
190641405-Service in Progress,190641405,2019-03-05 13:08:26,"2214 N WEIL ST,MKE",5,THEFT,Service in Progress
190641372-Assignment Completed,190641372,2019-03-05 13:06:36,"4512 N 67TH ST,MKE",7,MEET MFD,Assignment Completed
190641406-Service in Progress,190641406,2019-03-05 13:06:27,"N 107TH ST / W VILLA AV,MKE",4,INVESTIGATION,Service in Progress
190641403-Service in Progress,190641403,2019-03-05 13:06:04,"2117 S 13TH ST,MKE",2,INVESTIGATION,Service in Progress
190641402-Assignment Completed,190641402,2019-03-05 13:05:56,"3500 W BURNHAM ST,MKE",2,PATROL,Assignment Completed
190641323-Service in Progress,190641323,2019-03-05 13:05:52,"N 55TH ST / W BURLEIGH ST,MKE",7,ACC UNKN INJ,Service in Progress
190641401-Assignment Completed,190641401,2019-03-05 13:05:45,"5110 W OKLAHOMA AV,MKE",6,BUSINESS CHECK,Assignment Completed
190641394-Advised,190641394,2019-03-05 13:03:38,"6000 N SHERMAN BL,MKE",4,TRAFFIC STOP,Advised
190641421-Service in Progress,190641421,2019-03-05 13:14:59,"N TEUTONIA AV / W KILEY AV,MKE",4,ACC PI,Service in Progress
190641426-Assignment Completed,190641426,2019-03-05 13:14:48,"2434 W NATIONAL AV,MKE",2,BUSINESS CHECK,Assignment Completed
190641425-Assignment Completed,190641425,2019-03-05 13:14:37,"N 27TH ST / W ATKINSON AV,MKE",5,PATROL,Assignment Completed
190641423-Service in Progress,190641423,2019-03-05 13:14:35,"2950 N OAKLAND AV,MKE",1,BUSINESS CHECK,Service in Progress
190641422-Assignment Completed,190641422,2019-03-05 13:14:33,"3626 W FOND DU LAC AV,MKE",7,POLICE ADMIN,Assignment Completed
190641419-Assignment Completed,190641419,2019-03-05 13:13:37,"1101 E BRADY ST,MKE",1,BUSINESS CHECK,Assignment Completed
190641418-Assignment Completed,190641418,2019-03-05 13:13:21,"3626 W FOND DU LAC AV,MKE",7,POLICE ADMIN,Assignment Completed
190641416-Assignment Completed,190641416,2019-03-05 13:12:27,"3425 W SILVER SPRING DR,MKE",4,BUSINESS CHECK,Assignment Completed
190641298-Advised,190641298,2019-03-05 13:11:38,"4125 N 39TH ST,MKE",7,FAMILY TROUBLE,Advised
190641414-Service in Progress,190641414,2019-03-05 13:11:38,"5600 W CAPITOL DR,MKE",7,PARK AND WALK,Service in Progress
190641413-City Citation(s) Issued,190641413,2019-03-05 13:11:28,"2417 N HUMBOLDT BL,MKE",5,TRAFFIC STOP,City Citation(s) Issued
190641411-Assignment Completed,190641411,2019-03-05 13:10:35,"245 W LINCOLN AV,MKE",2,RETURN STATION,Assignment Completed
190641403-Assignment Completed,190641403,2019-03-05 13:06:04,"2117 S 13TH ST,MKE",2,INVESTIGATION,Assignment Completed
190641289-To be Filed,190641289,2019-03-05 12:31:08,"N 53RD ST / W HAMPTON AV,MKE",7,ACC PI,To be Filed
190641442-Service in Progress,190641442,2019-03-05 13:20:00,"631 S LAYTON BL,MKE",2,ACC PDO,Service in Progress
190641448-Assignment Completed,190641448,2019-03-05 13:19:30,"4900 N 110TH ST,MKE",4,PATROL,Assignment Completed
190641446-Service in Progress,190641446,2019-03-05 13:18:47,"742 W CAPITOL DR,MKE",5,TRAFFIC STOP,Service in Progress
190641441-Service in Progress,190641441,2019-03-05 13:18:42,"N 12TH ST / W VLIET ST,MKE",3,ACC PDO,Service in Progress
190641445-Service in Progress,190641445,2019-03-05 13:18:25,"901 N 9TH ST,MKE",1,COURT DUTY,Service in Progress
190641440-City Citation(s) Issued,190641440,2019-03-05 13:17:49,"1635 W NATIONAL AV,MKE",2,TRAFFIC STOP,City Citation(s) Issued
190641434-Service in Progress,190641434,2019-03-05 13:17:38,"3626 W FOND DU LAC AV,MKE",7,MED RUN,Service in Progress
190641438-Service in Progress,190641438,2019-03-05 13:17:08,"245 W LINCOLN AV,MKE",2,FOLLOW UP,Service in Progress
190641437-Service in Progress,190641437,2019-03-05 13:17:03,"749 W STATE ST,MKE",1,POLICE ADMIN,Service in Progress
190641435-Assignment Completed,190641435,2019-03-05 13:16:46,"120 N WATER ST,MKE",1,PARK AND WALK,Assignment Completed
190641433-Service in Progress,190641433,2019-03-05 13:16:18,"400 N WATER ST,MKE",1,BUSINESS CHECK,Service in Progress
190641432-Service in Progress,190641432,2019-03-05 13:16:14,"2333 N 49TH ST,MKE",3,RETURN STATION,Service in Progress
190641431-Assignment Completed,190641431,2019-03-05 13:15:58,"605 S 1ST ST,MKE",2,BUSINESS CHECK,Assignment Completed
190641430-Unable to Locate Complainant,190641430,2019-03-05 13:15:46,"918 S 19TH ST,MKE",2,FOLLOW UP,Unable to Locate Complainant
190641424-Service in Progress,190641424,2019-03-05 13:15:31,"3427 N 2ND ST,MKE",5,ENTRY,Service in Progress
190641292-To be Filed,190641292,2019-03-05 12:37:03,"2677 N 40TH ST,MKE",3,ACC PDO,To be Filed
190641464-City Citation(s) Issued,190641464,2019-03-05 13:24:49,"2505 W CORNELL ST,MKE",5,TRAFFIC STOP,City Citation(s) Issued
190641462-Service in Progress,190641462,2019-03-05 13:23:24,"2333 N 49TH ST,MKE",3,POLICE ADMIN,Service in Progress
190641461-Service in Progress,190641461,2019-03-05 13:22:18,"749 W STATE ST,MKE",1,REPORTS,Service in Progress
190641460-Assignment Completed,190641460,2019-03-05 13:22:04,"1401 W MITCHELL ST,MKE",2,BUSINESS CHECK,Assignment Completed
190641458-Assignment Completed,190641458,2019-03-05 13:21:33,"5600 W CAPITOL DR,MKE",7,POLICE ADMIN,Assignment Completed
190641454-Service in Progress,190641454,2019-03-05 13:20:58,"4000 W VILLARD AV,MKE",4,FOLLOW UP,Service in Progress
190641453-Service in Progress,190641453,2019-03-05 13:20:57,"6680 N TEUTONIA AV,MKE",4,SPECIAL ASSIGN,Service in Progress
190641444-To be Filed,190641444,2019-03-05 13:20:45,"N 22ND ST / W KILBOURN AV,MKE",3,ENTRY AUTOS,To be Filed
190641446-City Citation(s) Issued,190641446,2019-03-05 13:18:47,"742 W CAPITOL DR,MKE",5,TRAFFIC STOP,City Citation(s) Issued
190641424-Advised,190641424,2019-03-05 13:15:31,"3427 N 2ND ST,MKE",5,ENTRY,Advised
190641405-Advised/Referral,190641405,2019-03-05 13:08:26,"2214 N WEIL ST,MKE",5,THEFT,Advised/Referral
190641374-Assignment Completed,190641374,2019-03-05 12:56:33,"N 20TH ST / W BURLEIGH ST,MKE",5,TRAFFIC CONTROL,Assignment Completed
190641364-Assignment Completed,190641364,2019-03-05 12:53:30,"6680 N TEUTONIA AV,MKE",4,SPECIAL ASSIGN,Assignment Completed
190641475-Assignment Completed,190641475,2019-03-05 13:29:07,"2500 W VINE ST,MKE",3,PARK AND WALK,Assignment Completed
190641476-City Citation(s) Issued,190641476,2019-03-05 13:29:07,"9820 W GOOD HOPE RD,MKE",4,TRAFFIC STOP,City Citation(s) Issued
190641473-Advised,190641473,2019-03-05 13:28:58,"2510 N HUMBOLDT BL,MKE",5,TRAFFIC STOP,Advised
190641472-Service in Progress,190641472,2019-03-05 13:28:43,4477 N 124TH ST,OCOE,FOLLOW UP,Service in Progress
190641471-Assignment Completed,190641471,2019-03-05 13:27:38,"3853 N RICHARDS ST,MKE",5,BUSINESS CHECK,Assignment Completed
190641465-Service in Progress,190641465,2019-03-05 13:27:26,"370 E CAPITOL DR,MKE",5,ADDL INFO,Service in Progress
190641470-City Citation(s) Issued,190641470,2019-03-05 13:27:03,"3148 N HUMBOLDT BL,MKE",5,TRAFFIC STOP,City Citation(s) Issued
190641466-Unable to Locate Complainant,190641466,2019-03-05 13:26:23,"1569 W LAPHAM BL,MKE",2,DRUG DEALING,Unable to Locate Complainant
190641467-Service in Progress,190641467,2019-03-05 13:25:17,"5140 N TEUTONIA AV,MKE",7,FOLLOW UP,Service in Progress
190641454-Assignment Completed,190641454,2019-03-05 13:20:58,"4000 W VILLARD AV,MKE",4,FOLLOW UP,Assignment Completed
190641432-Assignment Completed,190641432,2019-03-05 13:16:14,"2333 N 49TH ST,MKE",3,RETURN STATION,Assignment Completed
190641496-Service in Progress,190641496,2019-03-05 13:34:56,"4715 W VLIET ST,MKE",3,POLICE ADMIN,Service in Progress
190641485-Service in Progress,190641485,2019-03-05 13:34:36,"8872 N 95TH ST,MKE",4,TRBL W/SUBJ-DV,Service in Progress
190641494-Assignment Completed,190641494,2019-03-05 13:34:30,"2920 N VEL R PHILLIPS AV,MKE",5,POLICE ADMIN,Assignment Completed
190641489-Assignment Completed,190641489,2019-03-05 13:34:26,"470 S 11TH ST,MKE",2,ENTRY,Assignment Completed
190641493-Advised,190641493,2019-03-05 13:34:15,"1100-BLK E NORTH AV,MKE",5,TRAFFIC STOP,Advised
190641491-Service in Progress,190641491,2019-03-05 13:34:02,"1707 INDUSTRIAL LN, WAUKESHA",CITY,SUBJ WANTED,Service in Progress
190641490-Assignment Completed,190641490,2019-03-05 13:33:59,"323 E WISCONSIN AV,MKE",1,BUSINESS CHECK,Assignment Completed
190641488-Service in Progress,190641488,2019-03-05 13:33:13,"2247 S 28TH ST,MKE",2,INVESTIGATION,Service in Progress
190641487-Service in Progress,190641487,2019-03-05 13:33:06,"3626 W FOND DU LAC AV,MKE",7,REPORTS,Service in Progress
190641484-Assignment Completed,190641484,2019-03-05 13:32:52,"1600 W BURNHAM ST,MKE",2,PATROL,Assignment Completed
190641480-Service in Progress,190641480,2019-03-05 13:32:20,"3264 N 37TH ST,MKE",7,BATTERY DV,Service in Progress
190641483-City Citation(s) Issued,190641483,2019-03-05 13:32:14,"3411 W WISCONSIN AV,MKE",3,TRAFFIC STOP,City Citation(s) Issued
190641482-Assignment Completed,190641482,2019-03-05 13:31:16,"3200 W MITCHELL ST,MKE",2,PATROL,Assignment Completed
190641481-City Citation(s) Issued,190641481,2019-03-05 13:31:03,"5600 S HOWELL AV,MKE",6,TRAFFIC STOP,City Citation(s) Issued
190641478-Service in Progress,190641478,2019-03-05 13:30:23,"2920 N VEL R PHILLIPS AV,MKE",5,POLICE ADMIN,Service in Progress
190641423-Assignment Completed,190641423,2019-03-05 13:14:35,"2950 N OAKLAND AV,MKE",1,BUSINESS CHECK,Assignment Completed
190641414-Assignment Completed,190641414,2019-03-05 13:11:38,"5600 W CAPITOL DR,MKE",7,PARK AND WALK,Assignment Completed
190641395-Assignment Completed,190641395,2019-03-05 13:03:44,"2333 N 49TH ST,MKE",3,INVESTIGATION,Assignment Completed
190641384-Unable to Locate Complainant,190641384,2019-03-05 12:59:07,"6929 W SILVER SPRING DR,MKE",4,FOLLOW UP,Unable to Locate Complainant
190641510-City Citation(s) Issued,190641510,2019-03-05 13:39:42,"1103 E NORTH AV,MKE",5,TRAFFIC STOP,City Citation(s) Issued
190641507-Advised,190641507,2019-03-05 13:39:03,"2427 N HUMBOLDT BL,MKE",5,TRAFFIC STOP,Advised
190641504-Service in Progress,190641504,2019-03-05 13:38:58,"5762 N TEUTONIA AV,MKE",4,ACC PDO,Service in Progress
190641503-Assignment Completed,190641503,2019-03-05 13:37:31,"369 E OKLAHOMA AV,MKE",6,BUSINESS CHECK,Assignment Completed
190641360-Service in Progress,190641360,2019-03-05 13:37:12,"3759 N 88TH ST,MKE",7,TRBL W/SUBJ,Service in Progress
190641502-Assignment Completed,190641502,2019-03-05 13:37:03,"6929 W SILVER SPRING DR,MKE",4,RETURN STATION,Assignment Completed
190641492-Advised,190641492,2019-03-05 13:36:28,"3014 W SCOTT ST,MKE",2,BATTERY,Advised
190641498-Service in Progress,190641498,2019-03-05 13:35:59,"2202 W NATIONAL AV,MKE",2,PROBATION/PAROLE,Service in Progress
190641486-Unable to Locate Complainant,190641486,2019-03-05 13:35:25,"9161 N SWAN RD,MKE",4,CALL FOR POLICE,Unable to Locate Complainant
190641478-Assignment Completed,190641478,2019-03-05 13:30:23,"2920 N VEL R PHILLIPS AV,MKE",5,POLICE ADMIN,Assignment Completed
190641465-Assignment Completed,190641465,2019-03-05 13:27:26,"370 E CAPITOL DR,MKE",5,ADDL INFO,Assignment Completed
190641445-Assignment Completed,190641445,2019-03-05 13:18:25,"901 N 9TH ST,MKE",1,COURT DUTY,Assignment Completed
190641409-Assignment Completed,190641409,2019-03-05 13:09:22,"1200 W GREENFIELD AV,MKE",2,TRAFFIC HAZARD,Assignment Completed
190641400-To be Filed,190641400,2019-03-05 13:04:49,"3006 S 27TH ST,MKE",6,RETURN STATION,To be Filed
190641517-Assignment Completed,190641517,2019-03-05 13:44:56,"110 E LAYTON AV,MKE",6,BUSINESS CHECK,Assignment Completed
190641516-Advised,190641516,2019-03-05 13:44:34,"3159 N HUMBOLDT BL,MKE",5,TRAFFIC STOP,Advised
190641515-Service in Progress,190641515,2019-03-05 13:43:50,"3522 W WISCONSIN AV,MKE",3,BUSINESS CHECK,Service in Progress
190641514-Service in Progress,190641514,2019-03-05 13:42:46,"245 W LINCOLN AV,MKE",2,RETURN STATION,Service in Progress
190641511-Service in Progress,190641511,2019-03-05 13:40:45,"1701 INDUSTRIAL LN, WAUKESHA",CITY,SUBJ WANTED,Service in Progress
190641496-Assignment Completed,190641496,2019-03-05 13:34:56,"4715 W VLIET ST,MKE",3,POLICE ADMIN,Assignment Completed
190641526-Advised,190641526,2019-03-05 13:49:59,"1100-BLK E NORTH AV,MKE",5,TRAFFIC STOP,Advised
190641524-Service in Progress,190641524,2019-03-05 13:49:09,"4715 W VLIET ST,MKE",3,FOLLOW UP,Service in Progress
190641523-Advised,190641523,2019-03-05 13:48:19,"3820 N HUBBARD ST,MKE",5,SUSP PERS/AUTO,Advised
190641522-Assignment Completed,190641522,2019-03-05 13:48:09,"3626 W FOND DU LAC AV,MKE",7,RETURN STATION,Assignment Completed
190641521-Advised/Referral,190641521,2019-03-05 13:48:01,"1594 S MUSKEGO AV,MKE",2,ENTRY,Advised/Referral
190641518-Service in Progress,190641518,2019-03-05 13:47:46,"945 N 12TH ST,MKE",3,TRBL W/SUBJ,Service in Progress
190641508-Service in Progress,190641508,2019-03-05 13:45:15,"231 W WISCONSIN AV,MKE",1,WELFARE CITIZEN,Service in Progress
190641489-Advised/Referral,190641489,2019-03-05 13:34:26,"470 S 11TH ST,MKE",2,ENTRY,Advised/Referral
190641537-Assignment Completed,190641537,2019-03-05 13:54:39,"2707 W BURLEIGH ST,MKE",5,BUSINESS CHECK,Assignment Completed
190641532-Advised,190641532,2019-03-05 13:54:19,"S 23RD ST / W MALLORY AV,MKE",6,SUSP PERS/AUTO,Advised
190641501-Service in Progress,190641501,2019-03-05 13:52:05,"S 38TH ST / W MORGAN AV,MKE",6,TRBL W/SUBJ,Service in Progress
190641531-Service in Progress,190641531,2019-03-05 13:51:23,"901 N 9TH ST,MKE",1,COURT DUTY,Service in Progress
190641530-Assignment Completed,190641530,2019-03-05 13:50:46,"7401 W GOOD HOPE RD,MKE",4,FOLLOW UP,Assignment Completed
190641529-Service in Progress,190641529,2019-03-05 13:50:28,"439 W HARRISON AV,MKE",2,VACANT HOUSE CHK,Service in Progress
190641528-Service in Progress,190641528,2019-03-05 13:50:08,"3006 S 27TH ST,MKE",6,ASSIGNMENT,Service in Progress
190641527-City Citation(s) Issued,190641527,2019-03-05 13:50:05,"2901 S 20TH ST,MKE",6,TRAFFIC STOP,City Citation(s) Issued
190641524-Assignment Completed,190641524,2019-03-05 13:49:09,"4715 W VLIET ST,MKE",3,FOLLOW UP,Assignment Completed
190641515-Assignment Completed,190641515,2019-03-05 13:43:50,"3522 W WISCONSIN AV,MKE",3,BUSINESS CHECK,Assignment Completed
190641498-Assignment Completed,190641498,2019-03-05 13:35:59,"2202 W NATIONAL AV,MKE",2,PROBATION/PAROLE,Assignment Completed
190641391-Assignment Completed,190641391,2019-03-05 13:02:56,"3626 W FOND DU LAC AV,MKE",7,PRISONER TRANS,Assignment Completed
190641551-Assignment Completed,190641551,2019-03-05 13:59:39,"2300 W GALENA ST,MKE",3,PARK AND WALK,Assignment Completed
190641549-Assignment Completed,190641549,2019-03-05 13:59:05,"2907 N OAKLAND AV,MKE",1,BUSINESS CHECK,Assignment Completed
190641548-Service in Progress,190641548,2019-03-05 13:58:46,"3038 N RICHARDS ST,MKE",5,PROBATION/PAROLE,Service in Progress
190641543-Advised,190641543,2019-03-05 13:57:38,"7851 W HUSTIS ST,MKE",4,LOOSE ANIMAL,Advised
190641545-Service in Progress,190641545,2019-03-05 13:57:38,"5610 W CAPITOL DR,MKE",7,BUSINESS CHECK,Service in Progress
190641544-Advised,190641544,2019-03-05 13:57:22,"2900 N HUMBOLDT BL,MKE",5,TRAFFIC STOP,Advised
190641534-Service in Progress,190641534,2019-03-05 13:56:17,"978 W HAYES AV,MKE",2,CRUELTY ANIMAL,Service in Progress
190641542-Assignment Completed,190641542,2019-03-05 13:56:05,"5123 W VILLARD AV,MKE",7,BUSINESS CHECK,Assignment Completed
190641525-Advised,190641525,2019-03-05 13:56:01,"1023 S CESAR E CHAVEZ DR,MKE",2,IND EXPOSURE,Advised
190641541-Service in Progress,190641541,2019-03-05 13:56:01,"1200 W ORCHARD ST,MKE",2,PATROL,Service in Progress
190641539-City Citation(s) Issued,190641539,2019-03-05 13:55:29,"3101 W CAPITOL DR,MKE",5,TRAFFIC STOP,City Citation(s) Issued
190641501-Advised,190641501,2019-03-05 13:52:05,"S 38TH ST / W MORGAN AV,MKE",6,TRBL W/SUBJ,Advised
190641529-Assignment Completed,190641529,2019-03-05 13:50:28,"439 W HARRISON AV,MKE",2,VACANT HOUSE CHK,Assignment Completed
190641514-Assignment Completed,190641514,2019-03-05 13:42:46,"245 W LINCOLN AV,MKE",2,RETURN STATION,Assignment Completed
190641467-To be Filed,190641467,2019-03-05 13:25:17,"5140 N TEUTONIA AV,MKE",7,FOLLOW UP,To be Filed
190641433-Assignment Completed,190641433,2019-03-05 13:16:18,"400 N WATER ST,MKE",1,BUSINESS CHECK,Assignment Completed
190641566-Assignment Completed,190641566,2019-03-05 14:03:30,"2920 N VEL R PHILLIPS AV,MKE",5,REPORTS,Assignment Completed
190641565-Service in Progress,190641565,2019-03-05 14:03:07,"6929 W SILVER SPRING DR,MKE",4,RETURN STATION,Service in Progress
190641558-Advised,190641558,2019-03-05 14:02:56,"1017 W WRIGHT ST,MKE",3,FAMILY TROUBL-DV,Advised
190641563-Advised,190641563,2019-03-05 14:02:34,"2470 N FRATNEY ST,MKE",5,TRAFFIC STOP,Advised
190641562-Service in Progress,190641562,2019-03-05 14:02:32,"2879 N OAKLAND AV,MKE",1,BUSINESS CHECK,Service in Progress
190641561-Advised,190641561,2019-03-05 14:02:29,"2612 N HUMBOLDT BL,MKE",5,TRAFFIC STOP,Advised
190641559-City Citation(s) Issued,190641559,2019-03-05 14:02:06,"3232 N HUMBOLDT BL,MKE",5,TRAFFIC STOP,City Citation(s) Issued
190641556-Service in Progress,190641556,2019-03-05 14:01:06,"245 W LINCOLN AV,MKE",2,RETURN STATION,Service in Progress
190641554-Advised,190641554,2019-03-05 14:00:32,"5216 S 13TH ST,MKE",6,TRAFFIC STOP,Advised
190641552-Unable to Locate Complainant,190641552,2019-03-05 14:00:04,"2727 W FOND DU LAC AV,MKE",3,ACC PDO,Unable to Locate Complainant
190641545-Assignment Completed,190641545,2019-03-05 13:57:38,"5610 W CAPITOL DR,MKE",7,BUSINESS CHECK,Assignment Completed
190641531-Assignment Completed,190641531,2019-03-05 13:51:23,"901 N 9TH ST,MKE",1,COURT DUTY,Assignment Completed
190641575-Assignment Completed,190641575,2019-03-05 14:08:25,"9700 W GREENWOOD TR,MKE",4,SPECIAL ASSIGN,Assignment Completed
190641574-Service in Progress,190641574,2019-03-05 14:08:23,"3800 W WRIGHT ST,MKE",3,INVESTIGATION,Service in Progress
190641567-Service in Progress,190641567,2019-03-05 14:08:06,"3030 N 12TH ST,MKE",5,THEFT,Service in Progress
190641570-Service in Progress,190641570,2019-03-05 14:06:45,"8500 N SERVITE DR,MKE",4,PATROL,Service in Progress
190641568-Service in Progress,190641568,2019-03-05 14:05:56,"4074 N 64TH ST,MKE",7,FOLLOW UP,Service in Progress
190641538-Unable to Locate Complainant,190641538,2019-03-05 14:05:29,"920 N 37TH ST,MKE",3,TRBL W/SUBJ,Unable to Locate Complainant
190641565-Assignment Completed,190641565,2019-03-05 14:03:07,"6929 W SILVER SPRING DR,MKE",4,RETURN STATION,Assignment Completed
190641595-Assignment Completed,190641595,2019-03-05 14:14:54,"749 W STATE ST,MKE",1,RETURN STATION,Assignment Completed
190641584-Advised,190641584,2019-03-05 14:14:38,"10460 W DEAN RD,MKE",4,NOISE NUISANCE,Advised
190641581-Service in Progress,190641581,2019-03-05 14:13:40,"906 W HISTORIC MITCHELL ST,MKE",2,TRBL W/SUBJ,Service in Progress
190641592-Assignment Completed,190641592,2019-03-05 14:13:24,"6929 W SILVER SPRING DR,MKE",4,POLICE ADMIN,Assignment Completed
190641564-Service in Progress,190641564,2019-03-05 14:13:15,"1034 N VEL R PHILLIPS AV,MKE",1,THEFT,Service in Progress
190641590-Assignment Completed,190641590,2019-03-05 14:12:26,"2333 N 49TH ST,MKE",3,RETURN STATION,Assignment Completed
190641587-Assignment Completed,190641587,2019-03-05 14:12:05,"2600 W ATKINSON AV,MKE",5,PARK AND WALK,Assignment Completed
190641583-Service in Progress,190641583,2019-03-05 14:10:39,"2333 N 49TH ST,MKE",3,POLICE ADMIN,Service in Progress
190641580-Service in Progress,190641580,2019-03-05 14:10:12,"2816 W CLARKE ST,MKE",3,FOLLOW UP,Service in Progress
190641579-Assignment Completed,190641579,2019-03-05 14:10:10,"9100 W RIVERWOODS DR,MKE",4,PATROL,Assignment Completed
190641578-Assignment Completed,190641578,2019-03-05 14:10:02,"1650 N FARWELL AV,MKE",1,FOLLOW UP,Assignment Completed
190641567-To be Filed,190641567,2019-03-05 14:08:06,"3030 N 12TH ST,MKE",5,THEFT,To be Filed
190641556-Assignment Completed,190641556,2019-03-05 14:01:06,"245 W LINCOLN AV,MKE",2,RETURN STATION,Assignment Completed
190641615-Assignment Completed,190641615,2019-03-05 14:19:19,"814 W WISCONSIN AV,MKE",1,BUSINESS CHECK,Assignment Completed
190641614-Service in Progress,190641614,2019-03-05 14:19:04,"4733 W VLIET ST,MKE",3,POLICE ADMIN,Service in Progress
190641612-Assignment Completed,190641612,2019-03-05 14:18:55,"N 106TH ST / W MILL RD,MKE",4,PATROL,Assignment Completed
190641593-Advised,190641593,2019-03-05 14:17:13,"2951 N 6TH ST,MKE",5,TRBL W/SUBJ,Advised
190641594-Advised,190641594,2019-03-05 14:17:06,"1254 N 35TH ST,MKE",3,TRBL W/SUBJ,Advised
190641588-Service in Progress,190641588,2019-03-05 14:16:56,"814 W WISCONSIN AV,MKE",1,WELFARE CITIZEN,Service in Progress
190641607-Service in Progress,190641607,2019-03-05 14:16:32,"2333 N 49TH ST,MKE",3,POLICE ADMIN,Service in Progress
190641606-Service in Progress,190641606,2019-03-05 14:16:25,"N 35TH ST / W NORTH AV,MKE",3,PLANT CAR,Service in Progress
190641598-Service in Progress,190641598,2019-03-05 14:15:52,"S 35TH ST / W SCOTT ST,MKE",2,ACC PDO,Service in Progress
190641604-Service in Progress,190641604,2019-03-05 14:15:33,"2920 N VEL R PHILLIPS AV,MKE",5,TRAFFIC STOP,Service in Progress
190641603-Service in Progress,190641603,2019-03-05 14:15:26,D6,6,RETURN STATION,Service in Progress
190641602-City Citation(s) Issued,190641602,2019-03-05 14:15:18,"8660 N SERVITE DR,MKE",4,TRAFFIC STOP,City Citation(s) Issued
190641599-Assignment Completed,190641599,2019-03-05 14:15:15,"2920 N VEL R PHILLIPS AV,MKE",5,RETURN STATION,Assignment Completed
190641600-Assignment Completed,190641600,2019-03-05 14:15:15,"4601 N HOPKINS ST,MKE",7,BUSINESS CHECK,Assignment Completed
190641597-Assignment Completed,190641597,2019-03-05 14:15:07,"3626 W FOND DU LAC AV,MKE",7,POLICE ADMIN,Assignment Completed
190641596-Assignment Completed,190641596,2019-03-05 14:15:02,"2950 N OAKLAND AV,MKE",1,BUSINESS CHECK,Assignment Completed
190641581-Advised,190641581,2019-03-05 14:13:40,"906 W HISTORIC MITCHELL ST,MKE",2,TRBL W/SUBJ,Advised
190641461-To be Filed,190641461,2019-03-05 13:22:18,"749 W STATE ST,MKE",1,REPORTS,To be Filed
190641631-Service in Progress,190641631,2019-03-05 14:24:59,"121 E HADLEY ST,MKE",5,TRBL W/JUV,Service in Progress
190641625-Service in Progress,190641625,2019-03-05 14:24:11,"3754 N 27TH ST,MKE",5,PROPERTY DAM-DV,Service in Progress
190641626-Service in Progress,190641626,2019-03-05 14:24:11,"5148 N 105TH ST,MKE",4,WELFARE CITIZEN,Service in Progress
190641632-Assignment Completed,190641632,2019-03-05 14:24:05,"1208 W MADISON ST,MKE",2,PROBATION/PAROLE,Assignment Completed
190641629-Service in Progress,190641629,2019-03-05 14:23:35,"6929 W SILVER SPRING DR,MKE",4,SPECIAL ASSIGN,Service in Progress
190641628-Assignment Completed,190641628,2019-03-05 14:23:31,"5539 W STATE ST,MKE",3,BUSINESS CHECK,Assignment Completed
190641627-Service in Progress,190641627,2019-03-05 14:23:02,"N 35TH ST / W SILVER SPRING DR,MKE",4,PATROL,Service in Progress
190641622-Advised,190641622,2019-03-05 14:21:37,"3205 N 58TH ST,MKE",7,CALL FOR POLICE,Advised
190641624-Assignment Completed,190641624,2019-03-05 14:21:32,"4808 N HOPKINS ST,MKE",7,BUSINESS CHECK,Assignment Completed
190641611-Service in Progress,190641611,2019-03-05 14:21:27,"2040 N 26TH ST,MKE",3,WELFARE CITIZEN,Service in Progress
190641621-Unable to Locate Complainant,190641621,2019-03-05 14:20:37,"8054 N 62ND ST, BROWN DEER",CITY,FOLLOW UP,Unable to Locate Complainant
190641620-Service in Progress,190641620,2019-03-05 14:20:31,MCCC,CITY,COURT DUTY,Service in Progress
190641618-Assignment Completed,190641618,2019-03-05 14:20:17,2451 S AUSTIN,6,VACANT HOUSE CHK,Assignment Completed
190641617-Advised,190641617,2019-03-05 14:20:07,"N 29TH ST / W WISCONSIN AV,MKE",3,TRAFFIC STOP,Advised
190641613-Unable to Locate Complainant,190641613,2019-03-05 14:20:01,"3431 N 67TH ST,MKE",7,SUBJ WANTED,Unable to Locate Complainant
190641614-Assignment Completed,190641614,2019-03-05 14:19:04,"4733 W VLIET ST,MKE",3,POLICE ADMIN,Assignment Completed
190641564-City Citation(s) Issued,190641564,2019-03-05 14:13:15,"1034 N VEL R PHILLIPS AV,MKE",1,THEFT,City Citation(s) Issued
190641570-Assignment Completed,190641570,2019-03-05 14:06:45,"8500 N SERVITE DR,MKE",4,PATROL,Assignment Completed
190641488-Assignment Completed,190641488,2019-03-05 13:33:13,"2247 S 28TH ST,MKE",2,INVESTIGATION,Assignment Completed
190641647-Service in Progress,190641647,2019-03-05 14:29:53,"949 N 9TH ST,MKE",1,COURT DUTY,Service in Progress
190641646-Assignment Completed,190641646,2019-03-05 14:29:46,"4131 N 56TH ST,MKE",7,BUSINESS CHECK,Assignment Completed
190641642-Service in Progress,190641642,2019-03-05 14:28:47,"4221 S 6TH ST,MKE",6,FOLLOW UP,Service in Progress
190641640-Service in Progress,190641640,2019-03-05 14:27:05,"10011 W HAMPTON AV,MKE",4,FOLLOW UP,Service in Progress
190641638-Service in Progress,190641638,2019-03-05 14:26:45,"S 11TH ST / W GREENFIELD AV,MKE",2,INJ PERSON/SICK,Service in Progress
190641639-Service in Progress,190641639,2019-03-05 14:26:19,"6680 N TEUTONIA AV,MKE",4,RETURN STATION,Service in Progress
190641636-Assignment Completed,190641636,2019-03-05 14:25:51,"6000 N 76TH ST,MKE",4,PATROL,Assignment Completed
190641635-Service in Progress,190641635,2019-03-05 14:25:09,"2920 N VEL R PHILLIPS AV,MKE",5,RETURN STATION,Service in Progress
190641580-Assignment Completed,190641580,2019-03-05 14:10:12,"2816 W CLARKE ST,MKE",3,FOLLOW UP,Assignment Completed
190641360-Advised,190641360,2019-03-05 13:37:12,"3759 N 88TH ST,MKE",7,TRBL W/SUBJ,Advised
190641653-Assignment Completed,190641653,2019-03-05 14:34:28,"2951 N 6TH ST,MKE",5,TRBL W/SUBJ,Assignment Completed
190641654-Service in Progress,190641654,2019-03-05 14:33:16,"N 68TH ST / W CONGRESS ST,MKE",7,ACC PDO,Service in Progress
190641659-Service in Progress,190641659,2019-03-05 14:33:13,"4155 N GREEN BAY AV,MKE",5,BUSINESS CHECK,Service in Progress
190641657-Assignment Completed,190641657,2019-03-05 14:32:40,"2333 N 49TH ST,MKE",3,RETURN STATION,Assignment Completed
190641656-Service in Progress,190641656,2019-03-05 14:32:34,"3626 W FOND DU LAC AV,MKE",7,REPORTS,Service in Progress
190641655-City Citation(s) Issued,190641655,2019-03-05 14:32:22,"W WABASH CT / N SERVITE DR,MKE",4,TRAFFIC STOP,City Citation(s) Issued
190641650-Assignment Completed,190641650,2019-03-05 14:31:33,"3004 N 27TH ST,MKE",5,BUSINESS CHECK,Assignment Completed
190641644-Service in Progress,190641644,2019-03-05 14:31:04,"S 13TH ST / W COLLEGE AV,MKE",6,ACC PDO,Service in Progress
190641623-Service in Progress,190641623,2019-03-05 14:30:14,"5441 N LOVERS LANE RD,MKE",4,FRAUD,Service in Progress
190641638-Assignment Completed,190641638,2019-03-05 14:26:45,"S 11TH ST / W GREENFIELD AV,MKE",2,INJ PERSON/SICK,Assignment Completed
190641611-Assignment Completed,190641611,2019-03-05 14:21:27,"2040 N 26TH ST,MKE",3,WELFARE CITIZEN,Assignment Completed
190641598-Open Investigation,190641598,2019-03-05 14:15:52,"S 35TH ST / W SCOTT ST,MKE",2,ACC PDO,Open Investigation
190641562-Assignment Completed,190641562,2019-03-05 14:02:32,"2879 N OAKLAND AV,MKE",1,BUSINESS CHECK,Assignment Completed
190641541-Assignment Completed,190641541,2019-03-05 13:56:01,"1200 W ORCHARD ST,MKE",2,PATROL,Assignment Completed
190641674-Assignment Completed,190641674,2019-03-05 14:40:00,"6680 N TEUTONIA AV,MKE",4,RETURN STATION,Assignment Completed
190641669-Service in Progress,190641669,2019-03-05 14:38:56,"5110 N 77TH ST,MKE",7,ENTRY,Service in Progress
190641672-Service in Progress,190641672,2019-03-05 14:38:17,"S KINNICKINNIC AV / S FULTON ST,MKE",6,INVESTIGATION,Service in Progress
190641670-Service in Progress,190641670,2019-03-05 14:37:40,"4519 N GREEN BAY AV,MKE",7,FOLLOW UP,Service in Progress
190641668-City Citation(s) Issued,190641668,2019-03-05 14:36:53,"1001 W CAPITOL DR,MKE",5,TS TARGETED,City Citation(s) Issued
190641667-Service in Progress,190641667,2019-03-05 14:36:20,"6020 N 35TH ST,MKE",4,FOLLOW UP,Service in Progress
190641666-Assignment Completed,190641666,2019-03-05 14:36:14,"2151 W FOREST HOME AV,MKE",2,BUSINESS CHECK,Assignment Completed
190641665-Assignment Completed,190641665,2019-03-05 14:35:38,"1011 E BRADY ST,MKE",1,BUSINESS CHECK,Assignment Completed
190641664-Assignment Completed,190641664,2019-03-05 14:35:30,"9100 W BRADLEY RD,MKE",4,PATROL,Assignment Completed
190641663-Service in Progress,190641663,2019-03-05 14:35:21,"749 W STATE ST,MKE",1,REPORTS,Service in Progress
190641604-Assignment Completed,190641604,2019-03-05 14:15:33,"2920 N VEL R PHILLIPS AV,MKE",5,RETURN STATION,Assignment Completed
190641688-Assignment Completed,190641688,2019-03-05 14:44:57,"4715 W VLIET ST,MKE",3,REPORTS,Assignment Completed
190641689-Advised,190641689,2019-03-05 14:44:57,"4021 W CENTER ST,MKE",3,TRAFFIC STOP,Advised
190641686-Assignment Completed,190641686,2019-03-05 14:44:38,"2333 N 49TH ST,MKE",3,RETURN STATION,Assignment Completed
190641684-To be Filed,190641684,2019-03-05 14:43:59,"6929 W SILVER SPRING DR,MKE",4,FOLLOW UP,To be Filed
190641683-Assignment Completed,190641683,2019-03-05 14:43:21,"9500 W BROWN DEER RD,MKE",4,PATROL,Assignment Completed
190641680-Service in Progress,190641680,2019-03-05 14:42:29,"245 W LINCOLN AV,MKE",2,SPECIAL ASSIGN,Service in Progress
190641678-Advised,190641678,2019-03-05 14:41:32,"5930 S 26TH ST,MKE",6,TRAFFIC STOP,Advised
190641677-Service in Progress,190641677,2019-03-05 14:41:21,"2333 N 49TH ST,MKE",3,REPORTS,Service in Progress
190641676-Service in Progress,190641676,2019-03-05 14:40:57,"6929 W SILVER SPRING DR,MKE",4,POLICE ADMIN,Service in Progress
190641640-To be Filed,190641640,2019-03-05 14:27:05,"10011 W HAMPTON AV,MKE",4,FOLLOW UP,To be Filed
190641635-Assignment Completed,190641635,2019-03-05 14:25:09,"2920 N VEL R PHILLIPS AV,MKE",5,RETURN STATION,Assignment Completed
190641704-Service in Progress,190641704,2019-03-05 14:49:49,"245 W LINCOLN AV,MKE",2,SPECIAL ASSIGN,Service in Progress
190641703-Service in Progress,190641703,2019-03-05 14:49:47,"245 W LINCOLN AV,MKE",2,REPORTS,Service in Progress
190641701-Assignment Completed,190641701,2019-03-05 14:49:39,"N 76TH ST / W GOOD HOPE RD,MKE",4,PATROL,Assignment Completed
190641697-Service in Progress,190641697,2019-03-05 14:48:43,"245 W LINCOLN AV,MKE",2,FOLLOW UP,Service in Progress
190641696-Service in Progress,190641696,2019-03-05 14:48:39,"2333 N 49TH ST,MKE",3,FOLLOW UP,Service in Progress
190641693-Service in Progress,190641693,2019-03-05 14:47:01,"7600 W CAPITOL DR,MKE",7,PARK AND WALK,Service in Progress
190641691-Service in Progress,190641691,2019-03-05 14:45:43,"2515 S 5TH PL,MKE",2,PROBATION/PAROLE,Service in Progress
190641673-Advised,190641673,2019-03-05 14:45:23,"960 W ARMOUR AV,MKE",6,TRBL W/SUBJ,Advised
190641690-Assignment Completed,190641690,2019-03-05 14:45:22,"8431 W APPLETON AV,MKE",7,BUSINESS CHECK,Assignment Completed
190641677-Assignment Completed,190641677,2019-03-05 14:41:21,"2333 N 49TH ST,MKE",3,REPORTS,Assignment Completed
190641669-Advised/Referral,190641669,2019-03-05 14:38:56,"5110 N 77TH ST,MKE",7,ENTRY,Advised/Referral
190641659-Assignment Completed,190641659,2019-03-05 14:33:13,"4155 N GREEN BAY AV,MKE",5,BUSINESS CHECK,Assignment Completed
190641629-Assignment Completed,190641629,2019-03-05 14:23:35,"6929 W SILVER SPRING DR,MKE",4,SPECIAL ASSIGN,Assignment Completed
190641603-Assignment Completed,190641603,2019-03-05 14:15:26,"3006 S 27TH ST,MKE",6,RETURN STATION,Assignment Completed
190641568-To be Filed,190641568,2019-03-05 14:05:56,"4074 N 64TH ST,MKE",7,FOLLOW UP,To be Filed
190641710-Service in Progress,190641710,2019-03-05 14:54:49,"6225 W LAWN AV,MKE",4,SUBJ WITH GUN,Service in Progress
190641716-Service in Progress,190641716,2019-03-05 14:54:29,"4136 W FOND DU LAC AV,MKE",7,FOLLOW UP,Service in Progress
190641715-Assignment Completed,190641715,2019-03-05 14:53:51,"3355 S 27TH ST,MKE",6,BUSINESS CHECK,Assignment Completed
190641589-Service in Progress,190641589,2019-03-05 14:52:45,"1615 E LOCUST ST,MKE",1,TRBL W/JUV,Service in Progress
190641713-Service in Progress,190641713,2019-03-05 14:52:21,"5076 N 24TH PL,MKE",7,FOLLOW UP,Service in Progress
190641712-Service in Progress,190641712,2019-03-05 14:52:19,"2355 N 35TH ST,MKE",3,THEFT,Service in Progress
190641711-Open Investigation,190641711,2019-03-05 14:52:16,"1530 W STATE ST,MKE",3,FOLLOW UP,Open Investigation
190641692-Service in Progress,190641692,2019-03-05 14:51:07,"S 52ND ST / W CRAWFORD AV,MKE",6,ACC PDO,Service in Progress
190641709-Service in Progress,190641709,2019-03-05 14:51:01,"245 W LINCOLN AV,MKE",2,RETURN STATION,Service in Progress
190641702-Unable to Locate Complainant,190641702,2019-03-05 14:50:46,"671 N 25TH ST,MKE",3,CALL FOR POLICE,Unable to Locate Complainant
190641708-Assignment Completed,190641708,2019-03-05 14:50:36,"4715 W VLIET ST,MKE",3,REPORTS,Assignment Completed
190641705-Assignment Completed,190641705,2019-03-05 14:50:03,"2336 W WISCONSIN AV,MKE",3,BUSINESS CHECK,Assignment Completed
190641631-Advised,190641631,2019-03-05 14:24:59,"121 E HADLEY ST,MKE",5,TRBL W/JUV,Advised
190641726-City Citation(s) Issued,190641726,2019-03-05 14:59:31,"1001 W CAPITOL DR,MKE",5,TRAFFIC STOP,City Citation(s) Issued
190641725-Service in Progress,190641725,2019-03-05 14:59:26,"3033 W LISBON AV,MKE",3,BUSINESS CHECK,Service in Progress
190641724-Assignment Completed,190641724,2019-03-05 14:59:15,"2930 W CAPITOL DR,MKE",5,BUSINESS CHECK,Assignment Completed
190641723-Service in Progress,190641723,2019-03-05 14:57:06,"6680 N TEUTONIA AV,MKE",4,PROPERTY PICKUP,Service in Progress
190641703-Assignment Completed,190641703,2019-03-05 14:49:47,"245 W LINCOLN AV,MKE",2,REPORTS,Assignment Completed
190641654-Assignment Completed,190641654,2019-03-05 14:33:16,"N 68TH ST / W CONGRESS ST,MKE",7,ACC PDO,Assignment Completed
190641627-Assignment Completed,190641627,2019-03-05 14:23:02,"N 35TH ST / W SILVER SPRING DR,MKE",4,PATROL,Assignment Completed
190641679-Service in Progress,190641679,2019-03-05 15:05:00,"4423 N 84TH ST,MKE",7,SUBJ WANTED,Service in Progress
190641738-Service in Progress,190641738,2019-03-05 15:04:13,"2200 N 15TH ST,MKE",3,FOLLOW UP,Service in Progress
190641737-Assignment Completed,190641737,2019-03-05 15:02:49,"4808 N HOPKINS ST,MKE",7,BUSINESS CHECK,Assignment Completed
190641731-Service in Progress,190641731,2019-03-05 15:02:41,"3134 N 14TH ST,MKE",5,DEAD ON ENTRY,Service in Progress
190641736-Assignment Completed,190641736,2019-03-05 15:02:19,"524 S LAYTON BL,MKE",2,BUSINESS CHECK,Assignment Completed
190641735-Assignment Completed,190641735,2019-03-05 15:01:58,"2830 N OAKLAND AV,MKE",1,BUSINESS CHECK,Assignment Completed
190641733-Assignment Completed,190641733,2019-03-05 15:01:49,"1612 W WISCONSIN AV,MKE",3,BUSINESS CHECK,Assignment Completed
190641732-Advised,190641732,2019-03-05 15:01:46,"6313 W CONGRESS ST,MKE",7,TRAFFIC STOP,Advised
190641722-Assignment Completed,190641722,2019-03-05 15:00:51,"S 43RD ST / W FOREST HOME AV,MKE",6,ACC PI,Assignment Completed
190641729-Assignment Completed,190641729,2019-03-05 15:00:15,900 W EDGERTON AV,6,BUSINESS CHECK,Assignment Completed
190641728-Service in Progress,190641728,2019-03-05 15:00:06,"1615 E LOCUST ST,MKE",1,FOLLOW UP,Service in Progress
190641725-Assignment Completed,190641725,2019-03-05 14:59:26,"3033 W LISBON AV,MKE",3,BUSINESS CHECK,Assignment Completed
190641672-Assignment Completed,190641672,2019-03-05 14:38:17,"S KINNICKINNIC AV / S FULTON ST,MKE",6,INVESTIGATION,Assignment Completed
190641644-To be Filed,190641644,2019-03-05 14:31:04,"S 13TH ST / W COLLEGE AV,MKE",6,ACC PDO,To be Filed
190641754-Service in Progress,190641754,2019-03-05 15:09:46,"10011 W HAMPTON AV,MKE",4,TRBL W/SUBJ,Service in Progress
190641753-Service in Progress,190641753,2019-03-05 15:09:02,"245 W LINCOLN AV,MKE",2,FOLLOW UP,Service in Progress
190641751-Advised,190641751,2019-03-05 15:08:17,"S 1ST ST / E ORCHARD ST,MKE",2,TRAFFIC STOP,Advised
190641749-Assignment Completed,190641749,2019-03-05 15:07:57,"2600 N 28TH ST,MKE",3,ACC PDO,Assignment Completed
190641748-Advised,190641748,2019-03-05 15:07:41,"200 W MAPLE ST,MKE",2,TRAFFIC STOP,Advised
190641741-Service in Progress,190641741,2019-03-05 15:05:24,"4715 W VLIET ST,MKE",3,POLICE ADMIN,Service in Progress
190641740-Assignment Completed,190641740,2019-03-05 15:05:19,"749 W STATE ST,MKE",1,RETURN STATION,Assignment Completed
190641727-Service in Progress,190641727,2019-03-05 15:05:13,"458 N STORY PK,MKE",3,TRBL W/SUBJ,Service in Progress
190641679-Unable to Locate Complainant,190641679,2019-03-05 15:05:00,"4423 N 84TH ST,MKE",7,SUBJ WANTED,Unable to Locate Complainant
190641716-Assignment Completed,190641716,2019-03-05 14:54:29,"4136 W FOND DU LAC AV,MKE",7,FOLLOW UP,Assignment Completed
190641588-Assignment Completed,190641588,2019-03-05 14:16:56,"814 W WISCONSIN AV,MKE",1,WELFARE CITIZEN,Assignment Completed
190641776-Service in Progress,190641776,2019-03-05 15:14:58,"2920 N VEL R PHILLIPS AV,MKE",5,RETURN STATION,Service in Progress
190641774-Assignment Completed,190641774,2019-03-05 15:14:40,"3476 S 13TH ST,MKE",6,INVESTIGATION,Assignment Completed
190641766-Service in Progress,190641766,2019-03-05 15:14:06,"3746 W WALNUT ST,MKE",3,SUBJ WITH GUN-DV,Service in Progress
190641768-Assignment Completed,190641768,2019-03-05 15:13:58,"2777 S 27TH ST,MKE",2,FOLLOW UP,Assignment Completed
190641759-Service in Progress,190641759,2019-03-05 15:13:23,"3482 N 89TH ST,MKE",7,PROPERTY PICKUP,Service in Progress
190641762-Service in Progress,190641762,2019-03-05 15:13:22,"333 W STATE ST,MKE",1,TRBL W/SUBJ,Service in Progress
190641757-Service in Progress,190641757,2019-03-05 15:13:08,"2713 N 44TH ST,MKE",7,SUBJ WANTED,Service in Progress
190641765-Service in Progress,190641765,2019-03-05 15:13:06,"6220 S 13TH ST,MKE",6,FOLLOW UP,Service in Progress
190641756-Unable to Locate Complainant,190641756,2019-03-05 15:12:57,"1452 W ATKINSON AV,MKE",5,CALL FOR POLICE,Unable to Locate Complainant
190641763-City Citation(s) Issued,190641763,2019-03-05 15:12:38,"1500 S 1ST ST,MKE",2,TRAFFIC STOP,City Citation(s) Issued
190641760-Service in Progress,190641760,2019-03-05 15:12:33,"2632 N 22ND ST,MKE",3,SUBJ WITH GUN,Service in Progress
190641755-Service in Progress,190641755,2019-03-05 15:11:13,"4715 W VLIET ST,MKE",3,REPORTS,Service in Progress
190641693-Assignment Completed,190641693,2019-03-05 14:47:01,"7600 W CAPITOL DR,MKE",7,PARK AND WALK,Assignment Completed
190641680-Assignment Completed,190641680,2019-03-05 14:42:29,"245 W LINCOLN AV,MKE",2,SPECIAL ASSIGN,Assignment Completed
190641654-To be Filed,190641654,2019-03-05 14:33:16,"N 68TH ST / W CONGRESS ST,MKE",7,ACC PDO,To be Filed
190641788-Service in Progress,190641788,2019-03-05 15:19:42,"GULLS UNIFORM, OAK CREEK",OCOE,PROPERTY PICKUP,Service in Progress
190641780-Assignment Completed,190641780,2019-03-05 15:18:47,"3011 N 12TH ST,MKE",5,ENTRY,Assignment Completed
190641785-Assignment Completed,190641785,2019-03-05 15:18:21,"2300 N MARTIN L KING JR DR,MKE",5,PARK AND WALK,Assignment Completed
190641720-Open Investigation,190641720,2019-03-05 15:15:55,"W LLOYD ST / W FOND DU LAC AV,MKE",3,ACC PI,Open Investigation
190641777-Service in Progress,190641777,2019-03-05 15:15:10,MCCC W/MEETING,OCOE,SPECIAL ASSIGN,Service in Progress
190641778-Advised,190641778,2019-03-05 15:15:10,"N 88TH ST / W BURLEIGH ST,MKE",7,TRBL W/SUBJ,Advised
190641799-Assignment Completed,190641799,2019-03-05 15:24:28,"7926 W CAPITOL DR,MKE",7,BUSINESS CHECK,Assignment Completed
190641798-Assignment Completed,190641798,2019-03-05 15:23:47,"3000 W CANAL ST,MKE",3,POLICE ADMIN,Assignment Completed
190641739-Service in Progress,190641739,2019-03-05 15:23:10,"1432 W DAKOTA ST,MKE",6,FAMILY TROUBLE,Service in Progress
190641796-Advised,190641796,2019-03-05 15:22:20,"6828 W CONGRESS ST,MKE",7,TRAFFIC STOP,Advised
190641790-Service in Progress,190641790,2019-03-05 15:20:53,"N 27TH ST / W KILBOURN AV,MKE",3,FIGHT,Service in Progress
190641793-Assignment Completed,190641793,2019-03-05 15:20:15,"959 W LINCOLN AV,MKE",2,BUSINESS CHECK,Assignment Completed
190641759-Assignment Completed,190641759,2019-03-05 15:13:23,"3482 N 89TH ST,MKE",7,PROPERTY PICKUP,Assignment Completed
190641765-Assignment Completed,190641765,2019-03-05 15:13:06,"6220 S 13TH ST,MKE",6,FOLLOW UP,Assignment Completed
190641749-Unable to Locate Complainant,190641749,2019-03-05 15:07:57,"2600 N 28TH ST,MKE",3,ACC PDO,Unable to Locate Complainant
190641741-Assignment Completed,190641741,2019-03-05 15:05:24,"4715 W VLIET ST,MKE",3,POLICE ADMIN,Assignment Completed
190641670-To be Filed,190641670,2019-03-05 14:37:40,"4519 N GREEN BAY AV,MKE",7,FOLLOW UP,To be Filed
190641667-To be Filed,190641667,2019-03-05 14:36:20,"6020 N 35TH ST,MKE",4,FOLLOW UP,To be Filed
190641811-Service in Progress,190641811,2019-03-05 15:29:18,709 E CAPITOL DR,5,BUSINESS CHECK,Service in Progress
190641802-Service in Progress,190641802,2019-03-05 15:28:16,"7171 N TEUTONIA AV,MKE",4,SHOPLIFTER,Service in Progress
190641801-Assignment Completed,190641801,2019-03-05 15:25:04,"2643 N DOWNER AV,MKE",1,BUSINESS CHECK,Assignment Completed
190641800-City Citation(s) Issued,190641800,2019-03-05 15:25:02,"1001 W CAPITOL DR,MKE",5,TS TARGETED,City Citation(s) Issued
190641776-Assignment Completed,190641776,2019-03-05 15:14:58,"2920 N VEL R PHILLIPS AV,MKE",5,RETURN STATION,Assignment Completed
190641727-To be Filed,190641727,2019-03-05 15:05:13,"458 N STORY PK,MKE",3,TRBL W/SUBJ,To be Filed
190641692-To be Filed,190641692,2019-03-05 14:51:07,"S 52ND ST / W CRAWFORD AV,MKE",6,ACC PDO,To be Filed
190641709-Assignment Completed,190641709,2019-03-05 14:51:01,"245 W LINCOLN AV,MKE",2,RETURN STATION,Assignment Completed
190641663-Assignment Completed,190641663,2019-03-05 14:35:21,"749 W STATE ST,MKE",1,REPORTS,Assignment Completed
190641656-To be Filed,190641656,2019-03-05 14:32:34,"3626 W FOND DU LAC AV,MKE",7,REPORTS,To be Filed
190641809-Service in Progress,190641809,2019-03-05 15:34:36,"4615 W HAMPTON AV,MKE",7,INJ PERSON/SICK,Service in Progress
190641823-Assignment Completed,190641823,2019-03-05 15:34:20,"3626 W FOND DU LAC AV,MKE",7,POLICE ADMIN,Assignment Completed
190641822-Advised,190641822,2019-03-05 15:33:47,"1200-BLK S 1ST ST,MKE",2,TRAFFIC STOP,Advised
190641819-Service in Progress,190641819,2019-03-05 15:32:29,"4064 S AUSTIN ST,MKE",6,PROBATION/PAROLE,Service in Progress
190641817-Assignment Completed,190641817,2019-03-05 15:31:52,"2008 W CENTER ST,MKE",5,BUSINESS CHECK,Assignment Completed
190641734-Service in Progress,190641734,2019-03-05 15:31:35,"8135 W FLORIST AV,MKE",4,PROPERTY DAMAGE,Service in Progress
190641816-Assignment Completed,190641816,2019-03-05 15:31:21,"245 W LINCOLN AV,MKE",2,RETURN STATION,Assignment Completed
190641810-Service in Progress,190641810,2019-03-05 15:30:58,"7132 W GOOD HOPE RD,MKE",4,VIOL REST ORD-DV,Service in Progress
190641811-Assignment Completed,190641811,2019-03-05 15:29:18,"709 E CAPITOL DR,MKE",5,BUSINESS CHECK,Assignment Completed
190641788-Assignment Completed,190641788,2019-03-05 15:19:42,"GULLS UNIFORM, OAK CREEK",OCOE,PROPERTY PICKUP,Assignment Completed
190641757-Unable to Locate Complainant,190641757,2019-03-05 15:13:08,"2713 N 44TH ST,MKE",7,SUBJ WANTED,Unable to Locate Complainant
190641760-Assignment Completed,190641760,2019-03-05 15:12:33,"2632 N 22ND ST,MKE",3,SUBJ WITH GUN,Assignment Completed
190641754-To be Filed,190641754,2019-03-05 15:09:46,"10011 W HAMPTON AV,MKE",4,TRBL W/SUBJ,To be Filed
190641843-Service in Progress,190641843,2019-03-05 15:39:21,"4060 N PORT WASHINGTON AV,MKE",5,SUBJ WANTED,Service in Progress
190641840-Service in Progress,190641840,2019-03-05 15:39:05,"N 19TH PL / W EGGERT PL,MKE",7,ACC PDO,Service in Progress
190641838-Assignment Completed,190641838,2019-03-05 15:37:45,"8210 W CAPITOL DR,MKE",7,BUSINESS CHECK,Assignment Completed
190641812-Advised,190641812,2019-03-05 15:36:59,"4141 N 64TH ST,MKE",7,TRBL W/JUV,Advised
190641833-City Citation(s) Issued,190641833,2019-03-05 15:36:16,"1200 S 1ST ST,MKE",2,TRAFFIC STOP,City Citation(s) Issued
190641832-Advised,190641832,2019-03-05 15:36:12,"131 W MINERAL ST,MKE",2,TRAFFIC STOP,Advised
190641831-Service in Progress,190641831,2019-03-05 15:35:28,"4715 W VLIET ST,MKE",3,REPORTS,Service in Progress
190641830-Assignment Completed,190641830,2019-03-05 15:35:20,"2222 W BOLIVAR AV,MKE",6,FOLLOW UP,Assignment Completed
190641766-Assignment Completed,190641766,2019-03-05 15:14:06,"3746 W WALNUT ST,MKE",3,SUBJ WITH GUN-DV,Assignment Completed
190641861-Service in Progress,190641861,2019-03-05 15:44:53,"7860 W APPLETON AV,MKE",7,STOLEN VEHICLE,Service in Progress
190641847-Advised,190641847,2019-03-05 15:44:47,"N 106TH ST / W STARK ST,MKE",4,TRAFFIC HAZARD,Advised
190641783-Advised,190641783,2019-03-05 15:43:25,"1300 E KANE PL,MKE",1,WELFARE CITIZEN,Advised
190641856-Service in Progress,190641856,2019-03-05 15:43:25,"339 W BURNHAM ST,MKE",2,INJ PERSON/SICK,Service in Progress
190641858-Advised,190641858,2019-03-05 15:42:53,"605 S 1ST ST,MKE",2,TRAFFIC STOP,Advised
190641855-Service in Progress,190641855,2019-03-05 15:42:17,"4715 W VLIET ST,MKE",3,OUT OF SERVICE,Service in Progress
190641854-Assignment Completed,190641854,2019-03-05 15:42:15,"245 W LINCOLN AV,MKE",2,OUT OF SERVICE,Assignment Completed
190641853-Assignment Completed,190641853,2019-03-05 15:42:11,"900 W ARMOUR AV,MKE",6,BUSINESS CHECK,Assignment Completed
190641850-Assignment Completed,190641850,2019-03-05 15:41:56,"749 W STATE ST,MKE",1,OUT OF SERVICE,Assignment Completed
190641824-Service in Progress,190641824,2019-03-05 15:40:45,"6840 N 39TH ST,MKE",4,VIOL REST ORD-DV,Service in Progress
190641846-Assignment Completed,190641846,2019-03-05 15:40:25,"4143 N 76TH ST,MKE",7,BUSINESS CHECK,Assignment Completed
190641825-Advised,190641825,2019-03-05 15:40:01,"2337 N 17TH ST,MKE",3,BATTERY,Advised
190641762-Advised,190641762,2019-03-05 15:13:22,"333 W STATE ST,MKE",1,TRBL W/SUBJ,Advised
190641713-Advised,190641713,2019-03-05 14:52:21,"5076 N 24TH PL,MKE",7,FOLLOW UP,Advised
190641691-Assignment Completed,190641691,2019-03-05 14:45:43,"2515 S 5TH PL,MKE",2,PROBATION/PAROLE,Assignment Completed
190641877-Advised,190641877,2019-03-05 15:49:02,"108 W MINERAL ST,MKE",2,TRAFFIC STOP,Advised
190641873-Assignment Completed,190641873,2019-03-05 15:48:37,"3006 S 27TH ST,MKE",6,OUT OF SERVICE,Assignment Completed
190641872-Assignment Completed,190641872,2019-03-05 15:48:14,"3626 W FOND DU LAC AV,MKE",7,RETURN STATION,Assignment Completed
190641835-Service in Progress,190641835,2019-03-05 15:47:18,"3737 S 27TH ST,MKE",6,THEFT,Service in Progress
190641851-Service in Progress,190641851,2019-03-05 15:46:26,"N 27TH ST / W WISCONSIN AV,MKE",3,BATTERY,Service in Progress
190641865-Assignment Completed,190641865,2019-03-05 15:45:33,"6929 W SILVER SPRING DR,MKE",4,OUT OF SERVICE,Assignment Completed
190641738-Assignment Completed,190641738,2019-03-05 15:04:13,"2200 N 15TH ST,MKE",3,FOLLOW UP,Assignment Completed
190641723-Assignment Completed,190641723,2019-03-05 14:57:06,"6680 N TEUTONIA AV,MKE",4,PROPERTY PICKUP,Assignment Completed
190641875-Advised,190641875,2019-03-05 15:52:33,"2029 N 29TH ST,MKE",3,BATTERY,Advised
190641890-Assignment Completed,190641890,2019-03-05 15:51:49,"2333 N 49TH ST,MKE",3,OUT OF SERVICE,Assignment Completed
190641889-Advised,190641889,2019-03-05 15:51:45,"1200-BLK S 1ST ST,MKE",2,TRAFFIC STOP,Advised
190641884-Assignment Completed,190641884,2019-03-05 15:50:42,"6929 W SILVER SPRING DR,MKE",4,RETURN STATION,Assignment Completed
190641911-Service in Progress,190641911,2019-03-05 15:59:38,"330 S 84TH ST, WEST ALLIS",OCOE,INVESTIGATION,Service in Progress
190641909-Open Investigation,190641909,2019-03-05 15:59:11,"749 W STATE ST,MKE",1,REPORTS,Open Investigation
190641907-Service in Progress,190641907,2019-03-05 15:58:57,"100 W WISCONSIN AV,MKE",1,INVESTIGATION,Service in Progress
190641906-City Citation(s) Issued,190641906,2019-03-05 15:58:52,"700 S 1ST ST,MKE",2,TRAFFIC STOP,City Citation(s) Issued
190641905-Assignment Completed,190641905,2019-03-05 15:58:28,"2900 S SHORE DR,MKE",6,PATROL,Assignment Completed
190641876-Service in Progress,190641876,2019-03-05 15:57:12,"2656 S 29TH ST,MKE",2,FAMILY TROUBLE,Service in Progress
190641903-City Citation(s) Issued,190641903,2019-03-05 15:57:01,"1118 S 2ND ST,MKE",2,TRAFFIC STOP,City Citation(s) Issued
190641894-Service in Progress,190641894,2019-03-05 15:56:00,"625 W BURNHAM ST,MKE",2,TRBL W/SUBJ,Service in Progress
190641898-Service in Progress,190641898,2019-03-05 15:55:38,"2920 N VEL R PHILLIPS AV,MKE",5,SUBJ WANTED,Service in Progress
190641897-Assignment Completed,190641897,2019-03-05 15:55:27,"245 W LINCOLN AV,MKE",2,FOLLOW UP,Assignment Completed
190641930-Assignment Completed,190641930,2019-03-05 16:04:49,"2333 N 49TH ST,MKE",3,RETURN STATION,Assignment Completed
190641844-Service in Progress,190641844,2019-03-05 16:04:26,"N SHERMAN BL / W CENTER ST,MKE",3,TRAFFIC HAZARD,Service in Progress
190641927-Assignment Completed,190641927,2019-03-05 16:04:23,"4163 N 76TH ST,MKE",7,BUSINESS CHECK,Assignment Completed
190641882-Service in Progress,190641882,2019-03-05 16:03:51,"1534 S CESAR E CHAVEZ DR,MKE",2,ENTRY,Service in Progress
190641837-Service in Progress,190641837,2019-03-05 16:03:11,"729 S LAYTON BL,MKE",2,TRBL W/SUBJ,Service in Progress
190641923-Service in Progress,190641923,2019-03-05 16:02:42,"749 W STATE ST,MKE",1,PRISONER TRANS,Service in Progress
190641922-Service in Progress,190641922,2019-03-05 16:02:40,"3800-BLK N 24TH PL,MKE",5,INVESTIGATION,Service in Progress
190641852-Service in Progress,190641852,2019-03-05 16:02:08,"6665 N 52ND ST,MKE",4,NOTIFICATION,Service in Progress
190641920-Service in Progress,190641920,2019-03-05 16:02:02,"245 W LINCOLN AV,MKE",2,CST ASSIGNMENT,Service in Progress
190641918-Service in Progress,190641918,2019-03-05 16:01:35,"2414 W WELLS ST,MKE",3,FIGHT,Service in Progress
190641914-Assignment Completed,190641914,2019-03-05 16:00:29,"7600 W CAPITOL DR,MKE",7,BUSINESS CHECK,Assignment Completed
190641913-Service in Progress,190641913,2019-03-05 16:00:27,"3501 W OKLAHOMA AV,MKE",6,CONVEY PROPERTY,Service in Progress
190641876-Advised,190641876,2019-03-05 15:57:12,"2656 S 29TH ST,MKE",2,FAMILY TROUBLE,Advised
190641936-Service in Progress,190641936,2019-03-05 16:09:22,"2630 N 44TH ST,MKE",3,ASSIGNMENT,Service in Progress
190641939-Service in Progress,190641939,2019-03-05 16:09:22,"2301 N LAKE DR,MKE",1,HOSPITAL GUARD,Service in Progress
190641874-Service in Progress,190641874,2019-03-05 16:08:58,"5250 N SHERMAN BL,MKE",4,TRBL W/SUBJ,Service in Progress
190641937-Service in Progress,190641937,2019-03-05 16:08:06,"2459 S 5TH ST,MKE",2,SUBJ WANTED,Service in Progress
190641789-Assignment Completed,190641789,2019-03-05 16:07:30,"2301 N LAKE DR,MKE",1,ASSIGNMENT,Assignment Completed
190641932-City Citation(s) Issued,190641932,2019-03-05 16:07:05,"1900 S 1ST ST,MKE",2,TRAFFIC STOP,City Citation(s) Issued
190641929-Open Investigation,190641929,2019-03-05 16:06:22,"N 25TH ST / W ST PAUL AV,MKE",3,ACC PI,Open Investigation
190641888-Service in Progress,190641888,2019-03-05 16:06:14,"245 W LINCOLN AV,MKE",2,PRISONER TRANS,Service in Progress
190641921-Service in Progress,190641921,2019-03-05 16:05:57,"6665 N 55TH ST,MKE",4,MEET MFD,Service in Progress
190641931-Assignment Completed,190641931,2019-03-05 16:05:24,"3726 W ROBERTS ST,MKE",3,PROBATION/PAROLE,Assignment Completed
190641844-Unable to Locate Complainant,190641844,2019-03-05 16:04:26,"N SHERMAN BL / W CENTER ST,MKE",3,TRAFFIC HAZARD,Unable to Locate Complainant
190641802-Unable to Locate Complainant,190641802,2019-03-05 15:28:16,"7171 N TEUTONIA AV,MKE",4,TRBL W/SUBJ,Unable to Locate Complainant
190641790-Assignment Completed,190641790,2019-03-05 15:20:53,"N 27TH ST / W KILBOURN AV,MKE",3,FIGHT,Assignment Completed
190641777-Assignment Completed,190641777,2019-03-05 15:15:10,MCCC W/MEETING,OCOE,SPECIAL ASSIGN,Assignment Completed
190641951-Service in Progress,190641951,2019-03-05 16:14:13,"245 W LINCOLN AV,MKE",2,REPORTS,Service in Progress
190641947-Service in Progress,190641947,2019-03-05 16:14:10,"1960 W ATKINSON AV,MKE",5,TRBL W/JUV,Service in Progress
190641926-Service in Progress,190641926,2019-03-05 16:13:44,"3925 N 69TH ST,MKE",7,CALL FOR POLICE,Service in Progress
190641948-Assignment Completed,190641948,2019-03-05 16:13:30,"3708 W NORTH AV,MKE",3,BUSINESS CHECK,Assignment Completed
190641871-Advised,190641871,2019-03-05 16:13:06,"2626 W VLIET ST,MKE",3,TRBL W/SUBJ,Advised
190641860-Service in Progress,190641860,2019-03-05 16:12:31,"1824 E PARK PL,MKE",1,ENTRY,Service in Progress
190641945-Assignment Completed,190641945,2019-03-05 16:12:06,"3000 W CANAL ST,MKE",3,POLICE ADMIN,Assignment Completed
190641943-City Citation(s) Issued,190641943,2019-03-05 16:11:38,"5915 W BLUE MOUND RD,MKE",3,TRAFFIC STOP,City Citation(s) Issued
190641941-Service in Progress,190641941,2019-03-05 16:11:28,"6929 W SILVER SPRING DR,MKE",4,ASSIGNMENT,Service in Progress
190641924-Unable to Locate Complainant,190641924,2019-03-05 16:10:52,"4141 N 64TH ST,MKE",7,SUSP PERS/AUTO,Unable to Locate Complainant
190641893-Advised,190641893,2019-03-05 16:10:18,"2747 N 49TH ST,MKE",7,WELFARE CITIZEN,Advised
190641874-Unable to Locate Complainant,190641874,2019-03-05 16:08:58,"5250 N SHERMAN BL,MKE",4,TRBL W/SUBJ,Unable to Locate Complainant
190641937-Assignment Completed,190641937,2019-03-05 16:08:06,"2459 S 5TH ST,MKE",2,SUBJ WANTED,Assignment Completed
190641852-Advised,190641852,2019-03-05 16:02:08,"6665 N 52ND ST,MKE",4,NOTIFICATION,Advised
190641918-Advised,190641918,2019-03-05 16:01:35,"2414 W WELLS ST,MKE",3,FIGHT,Advised
190641819-Assignment Completed,190641819,2019-03-05 15:32:29,"4064 S AUSTIN ST,MKE",6,PROBATION/PAROLE,Assignment Completed
190641974-Service in Progress,190641974,2019-03-05 16:19:44,"S 13TH ST / W BECHER ST,MKE",2,SPECIAL ASSIGN,Service in Progress
190641968-Advised,190641968,2019-03-05 16:18:24,"1923 W OKLAHOMA AV,MKE",6,TRAFFIC STOP,Advised
190641804-Service in Progress,190641804,2019-03-05 16:18:21,"1145 N CALLAHAN PL,MKE",3,TRBL W/SUBJ,Service in Progress
190641967-Unable to Locate Complainant,190641967,2019-03-05 16:18:21,"7338 W GOOD HOPE RD,MKE",4,SUBJ WITH GUN,Unable to Locate Complainant
190641964-Assignment Completed,190641964,2019-03-05 16:17:51,"3800 W WRIGHT ST,MKE",3,INVESTIGATION,Assignment Completed
190641961-Service in Progress,190641961,2019-03-05 16:17:26,401 E CAPITOL DR,5,PARK AND WALK,Service in Progress
190641950-Service in Progress,190641950,2019-03-05 16:17:14,"353 N 36TH ST,MKE",3,CALL FOR POLICE,Service in Progress
190641960-Assignment Completed,190641960,2019-03-05 16:17:10,"3626 W FOND DU LAC AV,MKE",7,RETURN STATION,Assignment Completed
190641956-Advised,190641956,2019-03-05 16:16:33,"1739 S 1ST ST,MKE",2,TRAFFIC STOP,Advised
190641952-Assignment Completed,190641952,2019-03-05 16:15:40,"N 6TH ST / W WISCONSIN AV,MKE",1,ACC PI,Assignment Completed
190641953-Assignment Completed,190641953,2019-03-05 16:15:05,"945 N 12TH ST,MKE",3,PROPERTY PICKUP,Assignment Completed
190641988-Assignment Completed,190641988,2019-03-05 16:24:06,"6000 W SILVER SPRING DR,MKE",4,PATROL,Assignment Completed
190641959-Service in Progress,190641959,2019-03-05 16:23:33,"4016 W ORCHARD ST,MKE",2,ACC PDO,Service in Progress
190641900-Service in Progress,190641900,2019-03-05 16:23:22,"4948 W HAMPTON AV,MKE",7,SUBJ WANTED,Service in Progress
190641829-Assignment Completed,190641829,2019-03-05 16:22:30,"N 35TH ST / W GALENA ST,MKE",3,ADDL INFO,Assignment Completed
190641981-Advised,190641981,2019-03-05 16:22:12,"3230 S 57TH ST,MKE",6,SUBJ STOP,Advised
190641979-Assignment Completed,190641979,2019-03-05 16:21:45,"2920 N VEL R PHILLIPS AV,MKE",5,PROPERTY PICKUP,Assignment Completed
190641921-Advised,190641921,2019-03-05 16:05:57,"6665 N 55TH ST,MKE",4,MEET MFD,Advised
190641837-Advised,190641837,2019-03-05 16:03:11,"729 S LAYTON BL,MKE",2,TRBL W/SUBJ,Advised
190641920-To be Filed,190641920,2019-03-05 16:02:02,"245 W LINCOLN AV,MKE",2,CST ASSIGNMENT,To be Filed
190641911-Assignment Completed,190641911,2019-03-05 15:59:38,"330 S 84TH ST, WEST ALLIS",OCOE,INVESTIGATION,Assignment Completed
190641894-Advised,190641894,2019-03-05 15:56:00,"625 W BURNHAM ST,MKE",2,TRBL W/SUBJ,Advised
190641809-Assignment Completed,190641809,2019-03-05 15:34:36,"4615 W HAMPTON AV,MKE",7,INJ PERSON/SICK,Assignment Completed
190642002-Service in Progress,190642002,2019-03-05 16:29:26,"S 17TH ST / W GRANT ST,MKE",2,CRUELTY ANIMAL,Service in Progress
190642005-City Citation(s) Issued,190642005,2019-03-05 16:29:13,"1400 S 2ND ST,MKE",2,TRAFFIC STOP,City Citation(s) Issued
190641994-Assignment Completed,190641994,2019-03-05 16:28:50,"N 76TH ST / W PALMETTO AV,MKE",7,TRAFFIC HAZARD,Assignment Completed
190642003-Advised,190642003,2019-03-05 16:28:44,"310 W GREENFIELD AV,MKE",2,TRAFFIC STOP,Advised
190642001-Assignment Completed,190642001,2019-03-05 16:28:17,"3006 S 27TH ST,MKE",6,POLICE ADMIN,Assignment Completed
190641996-Assignment Completed,190641996,2019-03-05 16:27:37,"7550 W PERKINS PL,MKE",7,BUSINESS CHECK,Assignment Completed
190641993-Service in Progress,190641993,2019-03-05 16:27:01,"2333 N 49TH ST,MKE",3,INVESTIGATION,Service in Progress
190641913-Assignment Completed,190641913,2019-03-05 16:00:27,"3501 W OKLAHOMA AV,MKE",6,CONVEY PROPERTY,Assignment Completed
190641734-Open Investigation,190641734,2019-03-05 15:31:35,"8135 W FLORIST AV,MKE",4,PROPERTY DAMAGE,Open Investigation
190641975-Service in Progress,190641975,2019-03-05 16:34:42,"S 50TH ST / W HOWARD AV,MKE",6,MEET GOVT AGENCY,Service in Progress
190642016-Assignment Completed,190642016,2019-03-05 16:33:38,"850 E BURLEIGH ST,MKE",5,TRAFFIC STOP,Assignment Completed
190642000-Service in Progress,190642000,2019-03-05 16:33:31,"5000 W CHAMBERS ST,MKE",7,TRBL W/SUBJ,Service in Progress
190642013-Service in Progress,190642013,2019-03-05 16:32:47,"2232 S 16TH ST,MKE",2,ACC PDO,Service in Progress
190642012-Service in Progress,190642012,2019-03-05 16:32:41,"6680 N TEUTONIA AV,MKE",4,PROPERTY PICKUP,Service in Progress
190642010-Advised,190642010,2019-03-05 16:31:18,"1635 S 1ST ST,MKE",2,TRAFFIC STOP,Advised
190642011-Assignment Completed,190642011,2019-03-05 16:31:18,"749 W STATE ST,MKE",1,RETURN STATION,Assignment Completed
190642009-Service in Progress,190642009,2019-03-05 16:31:15,"3330 S 30TH ST,MKE",6,SPECIAL ASSIGN,Service in Progress
190642007-Advised,190642007,2019-03-05 16:30:01,"3425 W ORIOLE DR,MKE",4,TRAFFIC STOP,Advised
190641950-Unable to Locate Complainant,190641950,2019-03-05 16:17:14,"353 N 36TH ST,MKE",3,CALL FOR POLICE,Unable to Locate Complainant
190641951-Assignment Completed,190641951,2019-03-05 16:14:13,"245 W LINCOLN AV,MKE",2,REPORTS,Assignment Completed
190641939-Assignment Completed,190641939,2019-03-05 16:09:22,"2301 N LAKE DR,MKE",1,HOSPITAL GUARD,Assignment Completed
190642038-Service in Progress,190642038,2019-03-05 16:40:00,"6929 W SILVER SPRING DR,MKE",4,INVESTIGATION,Service in Progress
190642037-Advised,190642037,2019-03-05 16:39:56,"4709 W AUER AV,MKE",7,TRAFFIC STOP,Advised
190642036-Service in Progress,190642036,2019-03-05 16:39:44,"423 N 39TH ST,MKE",3,INVESTIGATION,Service in Progress
190642035-Service in Progress,190642035,2019-03-05 16:39:33,"1400 W BECHER ST,MKE",2,INVESTIGATION,Service in Progress
190642032-Assignment Completed,190642032,2019-03-05 16:39:21,"808 E CENTER ST,MKE",5,BUSINESS CHECK,Assignment Completed
190642030-Service in Progress,190642030,2019-03-05 16:38:58,"6929 W SILVER SPRING DR,MKE",4,REPORTS,Service in Progress
190642014-Service in Progress,190642014,2019-03-05 16:38:13,"S 18TH ST / W WILBUR AV,MKE",6,ACC PDO,Service in Progress
190641997-Service in Progress,190641997,2019-03-05 16:37:46,"1441 N FARWELL AV,MKE",1,ACC PDO,Service in Progress
190641955-Service in Progress,190641955,2019-03-05 16:37:39,"9400 W BLUE MOUND RD,MKE",3,TRBL W/SUBJ,Service in Progress
190642025-Advised,190642025,2019-03-05 16:37:16,"3263 N 33RD ST,MKE",7,SUBJ STOP,Advised
190642022-Service in Progress,190642022,2019-03-05 16:36:58,"N 27TH ST / W ST PAUL AV,MKE",3,TRAFFIC HAZARD,Service in Progress
190642020-Service in Progress,190642020,2019-03-05 16:36:12,"2629 N DOWNER AV,MKE",1,BUSINESS CHECK,Service in Progress
190642019-Assignment Completed,190642019,2019-03-05 16:35:12,"2333 N 49TH ST,MKE",3,RETURN STATION,Assignment Completed
190641861-To be Filed,190641861,2019-03-05 15:44:53,"7860 W APPLETON AV,MKE",7,STOLEN VEHICLE,To be Filed
190641855-Assignment Completed,190641855,2019-03-05 15:42:17,"4715 W VLIET ST,MKE",3,OUT OF SERVICE,Assignment Completed
190642057-Service in Progress,190642057,2019-03-05 16:44:45,"8945 W MILL RD,MKE",4,ENTRY,Service in Progress
190642059-Assignment Completed,190642059,2019-03-05 16:44:27,"5300 W VLIET ST,MKE",3,INVESTIGATION,Assignment Completed
190642058-City Citation(s) Issued,190642058,2019-03-05 16:44:19,"2160 S 15TH ST,MKE",2,PARKING TROUBLE,City Citation(s) Issued
190642055-Assignment Completed,190642055,2019-03-05 16:43:33,"749 W STATE ST,MKE",1,RETURN STATION,Assignment Completed
190642049-Assignment Completed,190642049,2019-03-05 16:42:59,"3041 N 35TH ST,MKE",7,ACC PI,Assignment Completed
190642029-Service in Progress,190642029,2019-03-05 16:42:29,"5061 S 13TH ST,MKE",6,FIRE,Service in Progress
190642045-Service in Progress,190642045,2019-03-05 16:42:16,"3811 W LINCOLN AV,MKE",2,TRBL W/SUBJ,Service in Progress
190642051-Assignment Completed,190642051,2019-03-05 16:42:12,"9100 W MILL RD,MKE",4,PATROL,Assignment Completed
190642050-Service in Progress,190642050,2019-03-05 16:42:05,"3501 W OKLAHOMA AV,MKE",6,COMMUNITY MTNG,Service in Progress
190642048-City Citation(s) Issued,190642048,2019-03-05 16:41:39,"210 W GREENFIELD AV,MKE",2,TRAFFIC STOP,City Citation(s) Issued
190642008-Service in Progress,190642008,2019-03-05 16:41:19,"4351 N TEUTONIA AV,MKE",5,DEAD ON ENTRY,Service in Progress
190642041-Service in Progress,190642041,2019-03-05 16:40:38,"245 W LINCOLN AV,MKE",2,ASSIGNMENT,Service in Progress
190642039-Service in Progress,190642039,2019-03-05 16:40:12,"6929 W SILVER SPRING DR,MKE",4,INVESTIGATION,Service in Progress
190642036-Assignment Completed,190642036,2019-03-05 16:39:44,"423 N 39TH ST,MKE",3,INVESTIGATION,Assignment Completed
190642022-Assignment Completed,190642022,2019-03-05 16:36:58,"N 27TH ST / W ST PAUL AV,MKE",3,TRAFFIC HAZARD,Assignment Completed
190642020-Assignment Completed,190642020,2019-03-05 16:36:12,"2629 N DOWNER AV,MKE",1,BUSINESS CHECK,Assignment Completed
190641975-Assignment Completed,190641975,2019-03-05 16:34:42,"S 50TH ST / W HOWARD AV,MKE",6,MEET GOVT AGENCY,Assignment Completed
190642013-To be Filed,190642013,2019-03-05 16:32:47,"2232 S 16TH ST,MKE",2,ACC PDO,To be Filed
190642012-Assignment Completed,190642012,2019-03-05 16:32:41,"6680 N TEUTONIA AV,MKE",4,PROPERTY PICKUP,Assignment Completed
190642002-Assignment Completed,190642002,2019-03-05 16:29:26,"S 17TH ST / W GRANT ST,MKE",2,CRUELTY ANIMAL,Assignment Completed
190641959-Unable to Locate Complainant,190641959,2019-03-05 16:23:33,"4016 W ORCHARD ST,MKE",2,ACC PDO,Unable to Locate Complainant
190641804-Advised,190641804,2019-03-05 16:18:21,"1145 N CALLAHAN PL,MKE",3,TRBL W/SUBJ,Advised
190641952-To be Filed,190641952,2019-03-05 16:15:40,"N 6TH ST / W WISCONSIN AV,MKE",1,ACC PI,To be Filed
190641882-Advised/Referral,190641882,2019-03-05 16:03:51,"1534 S CESAR E CHAVEZ DR,MKE",2,ENTRY,Advised/Referral
190642071-Service in Progress,190642071,2019-03-05 16:49:36,"2727 W NORTH AV,MKE",3,WELFARE CITIZEN,Service in Progress
190642075-City Citation(s) Issued,190642075,2019-03-05 16:49:29,"2200 S KINNICKINNIC AV,MKE",6,TRAFFIC STOP,City Citation(s) Issued
190642074-Advised,190642074,2019-03-05 16:49:22,"S 14TH ST / W BURNHAM ST,MKE",2,TRAFFIC STOP,Advised
190642072-City Citation(s) Issued,190642072,2019-03-05 16:48:38,"100 W GREENFIELD AV,MKE",2,TRAFFIC STOP,City Citation(s) Issued
190641814-Advised,190641814,2019-03-05 16:48:37,"2669 N 37TH ST,MKE",3,TRBL W/SUBJ,Advised
190642069-Service in Progress,190642069,2019-03-05 16:47:29,"7451 W APPLETON AV,MKE",7,BUSINESS CHECK,Service in Progress
190642068-Assignment Completed,190642068,2019-03-05 16:47:12,"1300 W BECHER ST,MKE",2,PATROL,Assignment Completed
190642067-Advised,190642067,2019-03-05 16:47:05,"W WISCONSIN AV / N PLANKINTON AV,MKE",1,TRAFFIC HAZARD,Advised
190642065-Service in Progress,190642065,2019-03-05 16:46:54,"151 E FLORIDA ST,MKE",2,TRAFFIC STOP,Service in Progress
190642063-Advised,190642063,2019-03-05 16:45:49,"100 W MAPLE ST,MKE",2,TRAFFIC STOP,Advised
190642057-Advised/Referral,190642057,2019-03-05 16:44:45,"8945 W MILL RD,MKE",4,ENTRY,Advised/Referral
190642041-Assignment Completed,190642041,2019-03-05 16:40:38,"245 W LINCOLN AV,MKE",2,ASSIGNMENT,Assignment Completed
190642098-Assignment Completed,190642098,2019-03-05 16:54:36,801 S 2ND ST,SPD,CITIZEN CONTACT,Assignment Completed
190642096-Advised,190642096,2019-03-05 16:54:32,"5930 W SILVER SPRING DR,MKE",4,TRAFFIC STOP,Advised
190642095-Service in Progress,190642095,2019-03-05 16:54:29,"2333 N 49TH ST,MKE",3,RETURN STATION,Service in Progress
190642043-Service in Progress,190642043,2019-03-05 16:53:17,"N 19TH ST / W FAIRMOUNT AV,MKE",7,WELFARE CITIZEN,Service in Progress
190642006-Advised,190642006,2019-03-05 16:53:16,"3326 N 28TH ST,MKE",5,TRBL W/SUBJ,Advised
190642073-Advised,190642073,2019-03-05 16:52:45,"5317 N 38TH ST,MKE",4,FAMILY TROUBLE,Advised
190642086-Assignment Completed,190642086,2019-03-05 16:52:38,"6680 N TEUTONIA AV,MKE",4,RETURN STATION,Assignment Completed
190642085-Service in Progress,190642085,2019-03-05 16:52:35,"9108 W BROWN DEER RD,MKE",4,FOLLOW UP,Service in Progress
190642082-Advised,190642082,2019-03-05 16:52:22,"127 E CONCORDIA AV,MKE",5,TRAFFIC STOP,Advised
190642079-Assignment Completed,190642079,2019-03-05 16:51:43,"2608 W FOREST HOME AV,MKE",2,PROBATION/PAROLE,Assignment Completed
190642078-City Citation(s) Issued,190642078,2019-03-05 16:51:42,"5020 W BLUE MOUND RD,MKE",3,TS TARGETED,City Citation(s) Issued
190642015-Service in Progress,190642015,2019-03-05 16:51:21,"3926 N SHERMAN BL,MKE",7,FAMILY TROUBL-DV,Service in Progress
190642077-City Citation(s) Issued,190642077,2019-03-05 16:51:07,"707 S 1ST ST,MKE",2,TRAFFIC STOP,City Citation(s) Issued
190642076-Assignment Completed,190642076,2019-03-05 16:50:42,"2333 N 49TH ST,MKE",3,RETURN STATION,Assignment Completed
190642069-Assignment Completed,190642069,2019-03-05 16:47:29,"7451 W APPLETON AV,MKE",7,BUSINESS CHECK,Assignment Completed
190642065-Advised,190642065,2019-03-05 16:46:54,"151 E FLORIDA ST,MKE",2,TRAFFIC STOP,Advised
190642057-Assignment Completed,190642057,2019-03-05 16:44:45,"8945 W MILL RD,MKE",4,ENTRY,Assignment Completed
190642000-Advised,190642000,2019-03-05 16:33:31,"5000 W CHAMBERS ST,MKE",7,TRBL W/SUBJ,Advised
190642094-Advised,190642094,2019-03-05 16:59:50,"3355 S 27TH ST,MKE",6,TRBL W/SUBJ,Advised
190642042-Service in Progress,190642042,2019-03-05 16:59:42,"1839 W BECHER ST,MKE",2,ENTRY,Service in Progress
190642091-Service in Progress,190642091,2019-03-05 16:58:57,"2333 N 49TH ST,MKE",3,PRISONER TRANS,Service in Progress
190642028-Advised,190642028,2019-03-05 16:58:30,"8541 W HAMPTON AV,MKE",7,WELFARE CITIZEN,Advised
190642104-Service in Progress,190642104,2019-03-05 16:57:58,"2500 S 3RD ST,MKE",2,PATROL,Service in Progress
190642103-Service in Progress,190642103,2019-03-05 16:57:38,"2300 S 9TH ST,MKE",2,INVESTIGATION,Service in Progress
190642100-Advised,190642100,2019-03-05 16:55:50,"3261 N 44TH ST,MKE",7,TRAFFIC STOP,Advised
190642095-Assignment Completed,190642095,2019-03-05 16:54:29,"2333 N 49TH ST,MKE",3,RETURN STATION,Assignment Completed
190642043-Unable to Locate Complainant,190642043,2019-03-05 16:53:17,"N 19TH ST / W FAIRMOUNT AV,MKE",7,WELFARE CITIZEN,Unable to Locate Complainant
190642071-Advised,190642071,2019-03-05 16:49:36,"2727 W NORTH AV,MKE",3,WELFARE CITIZEN,Advised
190642029-To be Filed,190642029,2019-03-05 16:42:29,"5061 S 13TH ST,MKE",6,FIRE,To be Filed
190642045-Unable to Locate Complainant,190642045,2019-03-05 16:42:16,"3811 W LINCOLN AV,MKE",2,TRBL W/SUBJ,Unable to Locate Complainant
190642008-Assignment Completed,190642008,2019-03-05 16:41:19,"4351 N TEUTONIA AV,MKE",5,DEAD ON ENTRY,Assignment Completed
190642112-Service in Progress,190642112,2019-03-05 17:04:34,"3919 N MARTIN L KING JR DR,MKE",5,MEET GOVT AGENCY,Service in Progress
190642116-Assignment Completed,190642116,2019-03-05 17:03:57,"749 W STATE ST,MKE",1,RETURN STATION,Assignment Completed
190642115-City Citation(s) Issued,190642115,2019-03-05 17:03:51,"2014 S 14TH ST,MKE",2,PARKING TROUBLE,City Citation(s) Issued
190641980-Service in Progress,190641980,2019-03-05 17:03:42,"3482 N 89TH ST,MKE",7,PROPERTY PICKUP,Service in Progress
190642110-Service in Progress,190642110,2019-03-05 17:02:14,"182000 N LAKE SHORE DR, MEQUON",OCOE,SPECIAL ASSIGN,Service in Progress
190642102-Service in Progress,190642102,2019-03-05 17:01:43,"5360 N LOVERS LANE RD,MKE",4,VIOL REST ORD-DV,Service in Progress
190642107-Service in Progress,190642107,2019-03-05 17:01:06,"3520 N HOLTON ST,MKE",5,TRAFFIC STOP,Service in Progress
190642122-Service in Progress,190642122,2019-03-05 17:07:36,"N 27TH ST / W FOND DU LAC AV,MKE",3,ACC PI,Service in Progress
190642121-Advised,190642121,2019-03-05 17:07:04,"1534 S CESAR E CHAVEZ DR,MKE",2,NOTIFICATION,Advised
190642125-City Citation(s) Issued,190642125,2019-03-05 17:06:46,"201 E PITTSBURGH AV,MKE",1,TRAFFIC STOP,City Citation(s) Issued
190642123-Service in Progress,190642123,2019-03-05 17:06:24,"6680 N TEUTONIA AV,MKE",4,COMMUNITY MTNG,Service in Progress
190642107-Advised,190642107,2019-03-05 17:01:06,"3520 N HOLTON ST,MKE",5,TRAFFIC STOP,Advised
190642091-Assignment Completed,190642091,2019-03-05 16:58:57,"2333 N 49TH ST,MKE",3,PRISONER TRANS,Assignment Completed
190642104-Assignment Completed,190642104,2019-03-05 16:57:58,"2500 S 3RD ST,MKE",2,PATROL,Assignment Completed
190642015-Unable to Locate Complainant,190642015,2019-03-05 16:51:21,"3926 N SHERMAN BL,MKE",7,FAMILY TROUBL-DV,Unable to Locate Complainant
190642035-Assignment Completed,190642035,2019-03-05 16:39:33,"1400 W BECHER ST,MKE",2,INVESTIGATION,Assignment Completed
190642030-Assignment Completed,190642030,2019-03-05 16:38:58,"6929 W SILVER SPRING DR,MKE",4,REPORTS,Assignment Completed
190641997-Open Investigation,190641997,2019-03-05 16:37:46,"1441 N FARWELL AV,MKE",1,ACC PDO,Open Investigation
190641900-Assignment Completed,190641900,2019-03-05 16:23:22,"4948 W HAMPTON AV,MKE",7,SUBJ WANTED,Assignment Completed
190642150-Service in Progress,190642150,2019-03-05 17:14:03,"245 W LINCOLN AV,MKE",2,ASSIGNMENT,Service in Progress
190642143-Unable to Locate Complainant,190642143,2019-03-05 17:13:47,"W SILVER SPRING DR / N 62TH ST,MKE",4,RECKLESS VEHICLE,Unable to Locate Complainant
190642147-Service in Progress,190642147,2019-03-05 17:12:26,"225 W CAPITOL DR,MKE",5,ASSIGNMENT,Service in Progress
190642145-Advised,190642145,2019-03-05 17:12:11,"1408 W BECHER ST,MKE",2,TRAFFIC STOP,Advised
190642144-Service in Progress,190642144,2019-03-05 17:12:00,"2197 S KINNICKINNIC AV,MKE",6,BUSINESS CHECK,Service in Progress
190642141-City Citation(s) Issued,190642141,2019-03-05 17:11:50,422 N 56TH ST,3,TRAFFIC STOP,City Citation(s) Issued
190642124-Advised,190642124,2019-03-05 17:11:38,"1110 W GREENFIELD AV,MKE",2,TRBL W/SUBJ,Advised
190642135-Unable to Locate Complainant,190642135,2019-03-05 17:11:16,"N RICHARDS ST / E BURLEIGH ST,MKE",5,ACC UNKN INJ,Unable to Locate Complainant
190642138-Assignment Completed,190642138,2019-03-05 17:11:08,"3500 W VLIET ST,MKE",3,PATROL,Assignment Completed
190642106-Service in Progress,190642106,2019-03-05 17:10:03,"3909 N 10TH ST,MKE",5,CRUELTY ANIMAL,Service in Progress
190642122-Assignment Completed,190642122,2019-03-05 17:07:36,"N 27TH ST / W FOND DU LAC AV,MKE",3,ACC PI,Assignment Completed
190642014-To be Filed,190642014,2019-03-05 16:38:13,"S 18TH ST / W WILBUR AV,MKE",6,ACC PDO,To be Filed
190642160-Service in Progress,190642160,2019-03-05 17:19:26,"3626 W FOND DU LAC AV,MKE",7,POLICE ADMIN,Service in Progress
190642159-Service in Progress,190642159,2019-03-05 17:19:08,"2848 W WELLS ST,MKE",3,FOLLOW UP,Service in Progress
190642158-Service in Progress,190642158,2019-03-05 17:18:24,"N 76TH ST / W CAPITOL DR,MKE",7,PARK AND WALK,Service in Progress
190642155-Service in Progress,190642155,2019-03-05 17:16:57,"911 W WASHINGTON ST,MKE",2,PROBATION/PAROLE,Service in Progress
190641977-Service in Progress,190641977,2019-03-05 17:15:41,"231 W WISCONSIN AV,MKE",1,NOISE NUISANCE,Service in Progress
190642148-Unable to Locate Complainant,190642148,2019-03-05 17:15:17,"626 W VINE ST,MKE",5,SUSP PERS/AUTO,Unable to Locate Complainant
190642144-Assignment Completed,190642144,2019-03-05 17:12:00,"2197 S KINNICKINNIC AV,MKE",6,BUSINESS CHECK,Assignment Completed
190642106-Unable to Locate Complainant,190642106,2019-03-05 17:10:03,"3909 N 10TH ST,MKE",5,CRUELTY ANIMAL,Unable to Locate Complainant
190642092-Service in Progress,190642092,2019-03-05 17:09:55,"1238 S 8TH ST,MKE",2,TRBL W/SUBJ,Service in Progress
190642085-Assignment Completed,190642085,2019-03-05 16:52:35,"9108 W BROWN DEER RD,MKE",4,FOLLOW UP,Assignment Completed
190642108-Service in Progress,190642108,2019-03-05 17:24:10,"9041 W TRIPOLI AV,MKE",6,TRBL W/SUBJ,Service in Progress
190642171-Advised,190642171,2019-03-05 17:24:00,"3153 N 45TH ST,MKE",7,TRAFFIC STOP,Advised
190642166-Service in Progress,190642166,2019-03-05 17:23:33,"2570 N 16TH ST,MKE",3,TRBL W/SUBJ,Service in Progress
190642167-Service in Progress,190642167,2019-03-05 17:22:10,"6929 W SILVER SPRING DR,MKE",4,FOLLOW UP,Service in Progress
190642053-Service in Progress,190642053,2019-03-05 17:21:38,"3873 N 41ST ST,MKE",7,ACC PDO,Service in Progress
190642164-Assignment Completed,190642164,2019-03-05 17:21:35,"N 107TH ST / W SILVER SPRING DR,MKE",4,PATROL,Assignment Completed
190642140-Service in Progress,190642140,2019-03-05 17:21:24,"3112 N 38TH ST,MKE",7,TRBL W/SUBJ-DV,Service in Progress
190642157-Service in Progress,190642157,2019-03-05 17:20:55,"1216 N 13TH ST,MKE",3,ROBBERY ST ARM,Service in Progress
190642119-Open Investigation,190642119,2019-03-05 17:20:42,"N 35TH ST / W FOND DU LAC AV,MKE",7,LOST CHILD,Open Investigation
190642081-Service in Progress,190642081,2019-03-05 17:20:32,"1840 N 36TH ST,MKE",3,VIOL REST ORDER,Service in Progress
190642160-Assignment Completed,190642160,2019-03-05 17:19:26,"3626 W FOND DU LAC AV,MKE",7,POLICE ADMIN,Assignment Completed
190642186-Service in Progress,190642186,2019-03-05 17:29:47,D5,5,REPORTS,Service in Progress
190642185-Service in Progress,190642185,2019-03-05 17:29:35,"3231 N 37TH ST,MKE",7,FOLLOW UP,Service in Progress
190642183-Advised,190642183,2019-03-05 17:29:31,"100 W GREENFIELD AV,MKE",2,TRAFFIC STOP,Advised
190642151-Service in Progress,190642151,2019-03-05 17:28:16,"N 37TH ST / W MEINECKE AV,MKE",3,TRBL W/SUBJ,Service in Progress
190642173-Service in Progress,190642173,2019-03-05 17:28:09,"4566 N 66TH ST,MKE",7,SUSP PERS/AUTO,Service in Progress
190642177-Service in Progress,190642177,2019-03-05 17:27:23,"2848 W WELLS ST,MKE",3,FOLLOW UP,Service in Progress
190642176-Service in Progress,190642176,2019-03-05 17:27:22,"E KEEFE AV / N PALMER ST,MKE",5,SUBJ STOP,Service in Progress
190642174-City Citation(s) Issued,190642174,2019-03-05 17:26:35,"1900 W GREENFIELD AV,MKE",2,TRAFFIC STOP,City Citation(s) Issued
190642083-Advised,190642083,2019-03-05 17:25:26,"N 25TH ST / W BURLEIGH ST,MKE",5,ACC PDO,Advised
190642166-Advised,190642166,2019-03-05 17:23:33,"2570 N 16TH ST,MKE",3,TRBL W/SUBJ,Advised
190642112-Assignment Completed,190642112,2019-03-05 17:04:34,"3919 N MARTIN L KING JR DR,MKE",5,MEET GOVT AGENCY,Assignment Completed
190642206-Service in Progress,190642206,2019-03-05 17:34:56,"3993 S PRAIRIE HILL LANE, GREENFIELD",CITY,FOLLOW UP,Service in Progress
190642205-Service in Progress,190642205,2019-03-05 17:34:51,"4850 W TOWNSEND ST,MKE",7,TRAFFIC STOP,Service in Progress
190642201-Service in Progress,190642201,2019-03-05 17:34:05,"6800 W VILLARD AV,MKE",4,PATROL,Service in Progress
190642197-Service in Progress,190642197,2019-03-05 17:32:52,"245 W LINCOLN AV,MKE",2,ASSIGNMENT,Service in Progress
190642193-City Citation(s) Issued,190642193,2019-03-05 17:32:02,"150 W VIRGINIA ST,MKE",2,TRAFFIC STOP,City Citation(s) Issued
190642182-Service in Progress,190642182,2019-03-05 17:31:10,"S 35TH ST / W NATIONAL AV,MKE",2,ACC PI,Service in Progress
190642181-Service in Progress,190642181,2019-03-05 17:30:59,"E GAUER CR / S HOWELL AV,MKE",6,SUSP PERS/AUTO,Service in Progress
190642188-Service in Progress,190642188,2019-03-05 17:30:17,"245 W LINCOLN AV,MKE",2,ASSIGNMENT,Service in Progress
190642039-To be Filed,190642039,2019-03-05 16:40:12,"6929 W SILVER SPRING DR,MKE",4,INVESTIGATION,To be Filed
190642221-Advised,190642221,2019-03-05 17:39:08,"200 W BECHER ST,MKE",2,TRAFFIC STOP,Advised
190642216-Assignment Completed,190642216,2019-03-05 17:38:42,"W LINCOLN AV / S 35TH ST,MKE",2,TRAFFIC HAZARD,Assignment Completed
190642219-Service in Progress,190642219,2019-03-05 17:37:48,"W HAMPTON AV / N LOVERS LANE RD,MKE",4,PATROL,Service in Progress
190642218-Assignment Completed,190642218,2019-03-05 17:37:44,"6201 N TEUTONIA AV,MKE",4,BUSINESS CHECK,Assignment Completed
190642217-Service in Progress,190642217,2019-03-05 17:37:14,"1015 N 10TH ST,MKE",1,INVESTIGATION,Service in Progress
190642215-Assignment Completed,190642215,2019-03-05 17:36:40,"4414 W NORTH AV,MKE",3,PROBATION/PAROLE,Assignment Completed
190642204-Service in Progress,190642204,2019-03-05 17:35:57,"2950 S CHASE AV,MKE",6,SUBJ WITH WEAPON,Service in Progress
190642212-Service in Progress,190642212,2019-03-05 17:35:45,"9200 W WISCONSIN AV,MKE",3,FOLLOW UP,Service in Progress
190642210-Service in Progress,190642210,2019-03-05 17:35:28,"1500 W BECHER ST,MKE",2,INVESTIGATION,Service in Progress
190642207-Advised,190642207,2019-03-05 17:35:04,"2670 N RICHARDS ST,MKE",5,TRAFFIC STOP,Advised
190642181-Unable to Locate Complainant,190642181,2019-03-05 17:30:59,"E GAUER CR / S HOWELL AV,MKE",6,SUSP PERS/AUTO,Unable to Locate Complainant
190642151-Unable to Locate Complainant,190642151,2019-03-05 17:28:16,"N 37TH ST / W MEINECKE AV,MKE",3,TRBL W/SUBJ,Unable to Locate Complainant
190642158-Assignment Completed,190642158,2019-03-05 17:18:24,"N 76TH ST / W CAPITOL DR,MKE",7,PARK AND WALK,Assignment Completed
190642103-Assignment Completed,190642103,2019-03-05 16:57:38,"2300 S 9TH ST,MKE",2,INVESTIGATION,Assignment Completed
190642242-Service in Progress,190642242,2019-03-05 17:44:30,"3850 N 35TH ST,MKE",7,COMMUNITY MTNG,Service in Progress
190642240-Service in Progress,190642240,2019-03-05 17:44:18,N SHERMAN AND W FLORIST AV,4,PATROL,Service in Progress
190642238-Advised,190642238,2019-03-05 17:43:35,"5425 N 60TH ST,MKE",4,TRAFFIC STOP,Advised
190642232-Service in Progress,190642232,2019-03-05 17:43:24,"3386 N 24TH ST,MKE",5,WELFARE CITIZEN,Service in Progress
190642234-Service in Progress,190642234,2019-03-05 17:42:25,"5125 N 51ST BL,MKE",7,TRAFFIC STOP,Service in Progress
190642233-Service in Progress,190642233,2019-03-05 17:42:11,"400 W KILBOURN AV,MKE",1,SPECIAL ASSIGN,Service in Progress
190642231-Service in Progress,190642231,2019-03-05 17:41:24,"2333 N 49TH ST,MKE",3,RETURN STATION,Service in Progress
190642229-Assignment Completed,190642229,2019-03-05 17:41:07,"1420 W LOCUST ST,MKE",5,BUSINESS CHECK,Assignment Completed
190642228-Assignment Completed,190642228,2019-03-05 17:41:00,"5602 W VLIET ST,MKE",3,BUSINESS CHECK,Assignment Completed
190642226-Service in Progress,190642226,2019-03-05 17:40:40,"N 35TH ST / W JUNEAU AV,MKE",3,PROPERTY PICKUP,Service in Progress
190642190-Unable to Locate Complainant,190642190,2019-03-05 17:40:32,"N MITCHELL BL / N STORY PK,MKE",3,ACC PDO,Unable to Locate Complainant
190642210-Assignment Completed,190642210,2019-03-05 17:35:28,"1500 W BECHER ST,MKE",2,INVESTIGATION,Assignment Completed
190642173-Unable to Locate Complainant,190642173,2019-03-05 17:28:09,"4566 N 66TH ST,MKE",7,SUSP PERS/AUTO,Unable to Locate Complainant
190642108-Advised,190642108,2019-03-05 17:24:10,"9041 W TRIPOLI AV,MKE",6,TRBL W/SUBJ,Advised
190642140-Advised,190642140,2019-03-05 17:21:24,"3112 N 38TH ST,MKE",7,TRBL W/SUBJ-DV,Advised
190641980-Advised,190641980,2019-03-05 17:03:42,"3482 N 89TH ST,MKE",7,PROPERTY PICKUP,Advised
190642252-Advised,190642252,2019-03-05 17:49:11,"2850 N FRATNEY ST,MKE",5,TRAFFIC STOP,Advised
190642249-Service in Progress,190642249,2019-03-05 17:49:05,"1553 N 52ND ST,MKE",3,FOLLOW UP,Service in Progress
190642146-Service in Progress,190642146,2019-03-05 17:48:51,"9047 N 75TH ST,MKE",4,BATTERY,Service in Progress
190642248-Service in Progress,190642248,2019-03-05 17:48:21,"6080 N SHERMAN BL,MKE",4,TRAFFIC STOP,Service in Progress
190642245-Assignment Completed,190642245,2019-03-05 17:46:14,"1100 E GARFIELD AV,MKE",5,BUSINESS CHECK,Assignment Completed
190642244-Service in Progress,190642244,2019-03-05 17:46:07,"370 E CAPITOL DR,MKE",5,PARK AND WALK,Service in Progress
190642196-Service in Progress,190642196,2019-03-05 17:45:54,"N 52ND ST / W MARION ST,MKE",7,TRBL W/JUV,Service in Progress
190642241-Unable to Locate Complainant,190642241,2019-03-05 17:45:45,"1200 N 21ST ST,MKE",3,SUSP PERS/AUTO,Unable to Locate Complainant
190642219-Assignment Completed,190642219,2019-03-05 17:37:48,"W HAMPTON AV / N LOVERS LANE RD,MKE",4,PATROL,Assignment Completed
190642182-Assignment Completed,190642182,2019-03-05 17:31:10,"S 35TH ST / W NATIONAL AV,MKE",2,ACC PI,Assignment Completed
190641977-Open Investigation,190641977,2019-03-05 17:15:41,"231 W WISCONSIN AV,MKE",1,NOISE NUISANCE,Open Investigation
190642092-Assignment Completed,190642092,2019-03-05 17:09:55,"1238 S 8TH ST,MKE",2,TRBL W/SUBJ,Assignment Completed
190642272-Assignment Completed,190642272,2019-03-05 17:54:44,"6929 W SILVER SPRING DR,MKE",4,RETURN STATION,Assignment Completed
190642263-Service in Progress,190642263,2019-03-05 17:54:16,"3765 N 13TH ST,MKE",5,BATTERY DV,Service in Progress
190642267-Service in Progress,190642267,2019-03-05 17:54:00,"2550 N 24TH ST,MKE",3,WELFARE CITIZEN,Service in Progress
190642170-Service in Progress,190642170,2019-03-05 17:53:50,"1531 S 30TH ST,MKE",2,TRBL W/SUBJ,Service in Progress
190642269-Assignment Completed,190642269,2019-03-05 17:53:50,"813 N 23RD ST,MKE",3,PROBATION/PAROLE,Assignment Completed
190642253-Service in Progress,190642253,2019-03-05 17:53:30,"4296 S 27TH ST,MKE",6,ACC PDO,Service in Progress
190642265-City Citation(s) Issued,190642265,2019-03-05 17:52:35,"121 W NATIONAL AV,MKE",2,TRAFFIC STOP,City Citation(s) Issued
190642264-Assignment Completed,190642264,2019-03-05 17:52:31,"4715 W VLIET ST,MKE",3,POLICE ADMIN,Assignment Completed
190642261-Assignment Completed,190642261,2019-03-05 17:51:14,"900 W GREENFIELD AV,MKE",2,INVESTIGATION,Assignment Completed
190642260-Service in Progress,190642260,2019-03-05 17:50:55,"918 S 19TH ST,MKE",2,SUBJ WANTED,Service in Progress
190642259-Service in Progress,190642259,2019-03-05 17:50:54,"5232 N 65TH ST,MKE",4,TRAFFIC STOP,Service in Progress
190642256-Open Investigation,190642256,2019-03-05 17:50:45,"2333 N 49TH ST,MKE",3,FOLLOW UP,Open Investigation
190642199-Advised/Referral,190642199,2019-03-05 17:50:09,"2930 N 38TH ST,MKE",7,ENTRY,Advised/Referral
190642248-Advised,190642248,2019-03-05 17:48:21,"6080 N SHERMAN BL,MKE",4,TRAFFIC STOP,Advised
190642240-Assignment Completed,190642240,2019-03-05 17:44:18,"N SHERMAN BL / W FLORIST AV,MKE",4,PATROL,Assignment Completed
190642234-City Citation(s) Issued,190642234,2019-03-05 17:42:25,"5125 N 51ST BL,MKE",7,TRAFFIC STOP,City Citation(s) Issued
190642212-To be Filed,190642212,2019-03-05 17:35:45,"9200 W WISCONSIN AV,MKE",3,FOLLOW UP,To be Filed
190642206-Assignment Completed,190642206,2019-03-05 17:34:56,"3993 S PRAIRIE HILL LANE, GREENFIELD",CITY,FOLLOW UP,Assignment Completed
190642201-Assignment Completed,190642201,2019-03-05 17:34:05,"6800 W VILLARD AV,MKE",4,PATROL,Assignment Completed
190642185-To be Filed,190642185,2019-03-05 17:29:35,"3231 N 37TH ST,MKE",7,FOLLOW UP,To be Filed
190642053-To be Filed,190642053,2019-03-05 17:21:38,"3873 N 41ST ST,MKE",7,ACC PDO,To be Filed
190642092-Advised,190642092,2019-03-05 17:09:55,"1238 S 8TH ST,MKE",2,TRBL W/SUBJ,Advised
190642123-Assignment Completed,190642123,2019-03-05 17:06:24,"6680 N TEUTONIA AV,MKE",4,COMMUNITY MTNG,Assignment Completed
190642293-Assignment Completed,190642293,2019-03-05 17:59:56,"1326 S 9TH ST,MKE",2,TRAFFIC STOP,Assignment Completed
190642290-Service in Progress,190642290,2019-03-05 17:59:26,"245 W LINCOLN AV,MKE",2,INVESTIGATION,Service in Progress
190642287-Assignment Completed,190642287,2019-03-05 17:57:34,"8501 W CAPITOL DR,MKE",7,BUSINESS CHECK,Assignment Completed
190642286-Assignment Completed,190642286,2019-03-05 17:57:20,"10330 W SILVER SPRING DR,MKE",4,BUSINESS CHECK,Assignment Completed
190642284-Service in Progress,190642284,2019-03-05 17:56:50,"3626 W FOND DU LAC AV,MKE",7,INVESTIGATION,Service in Progress
190642283-Service in Progress,190642283,2019-03-05 17:56:42,"3850 N 35TH ST,MKE",7,COMMUNITY MTNG,Service in Progress
190642282-Assignment Completed,190642282,2019-03-05 17:56:32,"8780 W BROWN DEER RD,MKE",4,BUSINESS CHECK,Assignment Completed
190642278-City Citation(s) Issued,190642278,2019-03-05 17:55:35,"N WATER ST / E ERIE ST,MKE",1,TRAFFIC STOP,City Citation(s) Issued
190642275-City Citation(s) Issued,190642275,2019-03-05 17:55:18,"2976 N TEUTONIA AV,MKE",5,TRAFFIC STOP,City Citation(s) Issued
190642274-Assignment Completed,190642274,2019-03-05 17:55:07,"5250 W NORTH AV,MKE",3,BUSINESS CHECK,Assignment Completed
190642263-Advised/Referral,190642263,2019-03-05 17:54:16,"3765 N 13TH ST,MKE",5,BATTERY DV,Advised/Referral
190642267-Advised,190642267,2019-03-05 17:54:00,"2550 N 24TH ST,MKE",3,WELFARE CITIZEN,Advised
190642260-Assignment Completed,190642260,2019-03-05 17:50:55,"918 S 19TH ST,MKE",2,SUBJ WANTED,Assignment Completed
190642259-Advised,190642259,2019-03-05 17:50:54,"5232 N 65TH ST,MKE",4,TRAFFIC STOP,Advised
190642305-Service in Progress,190642305,2019-03-05 18:04:44,"4715 W VLIET ST,MKE",3,REPORTS,Service in Progress
190642303-Service in Progress,190642303,2019-03-05 18:04:30,"9200 W WISCONSIN AV,MKE",3,FOLLOW UP,Service in Progress
190642302-Service in Progress,190642302,2019-03-05 18:04:09,"6161 N 64TH ST,MKE",4,COMMUNITY MTNG,Service in Progress
190642301-Service in Progress,190642301,2019-03-05 18:03:56,"2333 N 49TH ST,MKE",3,REPORTS,Service in Progress
190642295-Service in Progress,190642295,2019-03-05 18:02:34,"5027 N 19TH ST,MKE",7,WELFARE CITIZEN,Service in Progress
190642298-Assignment Completed,190642298,2019-03-05 18:01:57,"4115 N 56TH ST,MKE",7,RETURN STATION,Assignment Completed
190642294-Assignment Completed,190642294,2019-03-05 18:01:40,"3006 S 27TH ST,MKE",6,PRISONER TRANS,Assignment Completed
190642273-Service in Progress,190642273,2019-03-05 18:01:04,"3510 S 57TH ST,MKE",6,CRUELTY ANIMAL,Service in Progress
190642209-Service in Progress,190642209,2019-03-05 18:00:25,"2333 N 49TH ST,MKE",3,ASSIGNMENT,Service in Progress
190642293-Advised,190642293,2019-03-05 17:59:56,"1326 S 9TH ST,MKE",2,TRAFFIC STOP,Advised
190642246-Service in Progress,190642246,2019-03-05 18:09:52,"3969 N 74TH ST,MKE",7,ABAND/STOLEN PRO,Service in Progress
190642316-Service in Progress,190642316,2019-03-05 18:09:49,"10300 W HAMPTON AV,MKE",4,INVESTIGATION,Service in Progress
190642307-Service in Progress,190642307,2019-03-05 18:09:30,"3237 S 16TH ST,MKE",6,PROPERTY DAMAGE,Service in Progress
190642313-Assignment Completed,190642313,2019-03-05 18:08:44,"7605 W LISBON AV,MKE",7,BUSINESS CHECK,Assignment Completed
190642311-Assignment Completed,190642311,2019-03-05 18:08:07,"709 E CAPITOL DR,MKE",5,BUSINESS CHECK,Assignment Completed
190642308-Service in Progress,190642308,2019-03-05 18:07:19,"2344 N BOOTH ST,MKE",5,SUBJ WANTED,Service in Progress
190642243-Service in Progress,190642243,2019-03-05 18:05:11,"3282 N 46TH ST,MKE",7,FAMILY TROUBLE,Service in Progress
190642249-Assignment Completed,190642249,2019-03-05 17:49:05,"1553 N 52ND ST,MKE",3,FOLLOW UP,Assignment Completed
190642312-Service in Progress,190642312,2019-03-05 18:14:58,"3315 W MT VERNON AV,MKE",3,BATTERY DV,Service in Progress
190642333-Service in Progress,190642333,2019-03-05 18:14:26,"6680 N TEUTONIA AV,MKE",4,POLICE ADMIN,Service in Progress
190642332-Service in Progress,190642332,2019-03-05 18:13:57,"3800-BLK N 35TH ST,MKE",7,COMMUNITY MTNG,Service in Progress
190642331-City Citation(s) Issued,190642331,2019-03-05 18:13:56,"4474 N 68TH ST,MKE",7,TRAFFIC STOP,City Citation(s) Issued
190642326-Service in Progress,190642326,2019-03-05 18:13:21,"456 E BROWN ST,MKE",5,GAMBLING,Service in Progress
190642324-Service in Progress,190642324,2019-03-05 18:12:32,"7617 W GREEN TREE RD,MKE",4,TRBL W/SUBJ-DV,Service in Progress
190642258-Service in Progress,190642258,2019-03-05 18:11:26,"3626 W FOND DU LAC AV,MKE",7,POLICE ADMIN,Service in Progress
190642322-Service in Progress,190642322,2019-03-05 18:11:11,2323 N 44TH ST,3,PROBATION/PAROLE,Service in Progress
190642200-Advised,190642200,2019-03-05 18:10:12,"4630 S 23RD ST,MKE",6,ABAND/STOLEN PRO,Advised
190642253-To be Filed,190642253,2019-03-05 17:53:30,"4296 S 27TH ST,MKE",6,ACC PDO,To be Filed
190642155-Assignment Completed,190642155,2019-03-05 17:16:57,"911 W WASHINGTON ST,MKE",2,PROBATION/PAROLE,Assignment Completed
190642342-Service in Progress,190642342,2019-03-05 18:19:30,"6929 W SILVER SPRING DR,MKE",4,MED RUN,Service in Progress
190642338-Service in Progress,190642338,2019-03-05 18:19:04,"N 60TH ST / W CAPITOL DR,MKE",7,SHOTS FIRED,Service in Progress
190642271-Service in Progress,190642271,2019-03-05 18:19:00,"2434 W MICHIGAN ST,MKE",3,LOOSE ANIMAL,Service in Progress
190642337-Assignment Completed,190642337,2019-03-05 18:18:15,"11800 W SILVER SPRING DR,MKE",4,BUSINESS CHECK,Assignment Completed
190642334-Unable to Locate Complainant,190642334,2019-03-05 18:18:14,"3378 S 27TH ST,MKE",6,SUSP PERS/AUTO,Unable to Locate Complainant
190642300-Service in Progress,190642300,2019-03-05 18:17:10,"N 29TH ST / W ST PAUL AV,MKE",3,INJ PERSON/SICK,Service in Progress
190642335-Assignment Completed,190642335,2019-03-05 18:16:46,"2551 N DOWNER AV,MKE",1,BUSINESS CHECK,Assignment Completed
190642157-Assignment Completed,190642157,2019-03-05 17:20:55,"1216 N 13TH ST,MKE",3,ROBBERY ST ARM,Assignment Completed
190642340-Service in Progress,190642340,2019-03-05 18:24:54,"1821 N 22ND ST,MKE",3,THEFT,Service in Progress
190642354-Assignment Completed,190642354,2019-03-05 18:24:34,"4331 W OKLAHOMA AV,MKE",6,BUSINESS CHECK,Assignment Completed
190642353-Service in Progress,190642353,2019-03-05 18:24:10,"W HAMPTON AV / N LYDELL AV,MKE",5,ACC PDO,Service in Progress
190642350-Service in Progress,190642350,2019-03-05 18:22:59,"5726 N 94TH ST,MKE",4,ASSIGNMENT,Service in Progress
190642349-Service in Progress,190642349,2019-03-05 18:22:16,"1100 W GREENFIELD AV,MKE",2,PATROL,Service in Progress
190642336-Service in Progress,190642336,2019-03-05 18:22:05,"N 8TH ST / W ATKINSON AV,MKE",5,WELFARE CITIZEN,Service in Progress
190642347-Assignment Completed,190642347,2019-03-05 18:20:56,"600 E GREENFIELD AV,MKE",2,BUSINESS CHECK,Assignment Completed
190642346-Service in Progress,190642346,2019-03-05 18:20:40,"6929 W SILVER SPRING DR,MKE",4,SPECIAL ASSIGN,Service in Progress
190642339-Advised/Referral,190642339,2019-03-05 18:20:08,"4432 N 45TH ST,MKE",7,SHOTSPOTTER,Advised/Referral
190642246-Assignment Completed,190642246,2019-03-05 18:09:52,"3969 N 74TH ST,MKE",7,ABAND/STOLEN PRO,Assignment Completed
190642355-Service in Progress,190642355,2019-03-05 18:27:59,"5300 N 65TH ST,MKE",4,TRBL W/SUBJ,Service in Progress
190642343-Service in Progress,190642343,2019-03-05 18:27:28,"N 91ST ST / W HAMPTON AV,MKE",7,ACC UNKN INJ,Service in Progress
190642376-Assignment Completed,190642376,2019-03-05 18:34:09,"749 W STATE ST,MKE",1,OUT OF SERVICE,Assignment Completed
190642373-Assignment Completed,190642373,2019-03-05 18:33:48,"N 55TH ST / W SILVER SPRING DR,MKE",4,PATROL,Assignment Completed
190642359-Service in Progress,190642359,2019-03-05 18:33:20,"2534 N 41ST ST,MKE",3,FAMILY TROUBLE,Service in Progress
190642367-Unable to Locate Complainant,190642367,2019-03-05 18:32:16,"N PULASKI ST / E HAMILTON ST,MKE",1,WELFARE CITIZEN,Unable to Locate Complainant
190642369-Service in Progress,190642369,2019-03-05 18:31:22,"245 W LINCOLN AV,MKE",2,RETURN STATION,Service in Progress
190642366-Advised,190642366,2019-03-05 18:30:20,"4601 N 44TH ST,MKE",7,TRAFFIC STOP,Advised
190642355-Advised,190642355,2019-03-05 18:27:59,"5300 N 65TH ST,MKE",4,TRBL W/SUBJ,Advised
190642350-Unable to Locate Complainant,190642350,2019-03-05 18:22:59,"5726 N 94TH ST,MKE",4,ASSIGNMENT,Unable to Locate Complainant
190642336-Advised,190642336,2019-03-05 18:22:05,"N 8TH ST / W ATKINSON AV,MKE",5,WELFARE CITIZEN,Advised
190642338-Unable to Locate Complainant,190642338,2019-03-05 18:19:04,"N 60TH ST / W CAPITOL DR,MKE",7,SHOTS FIRED,Unable to Locate Complainant
190642333-Assignment Completed,190642333,2019-03-05 18:14:26,"6680 N TEUTONIA AV,MKE",4,POLICE ADMIN,Assignment Completed
190642326-Assignment Completed,190642326,2019-03-05 18:13:21,"456 E BROWN ST,MKE",5,GAMBLING,Assignment Completed
190642258-Assignment Completed,190642258,2019-03-05 18:11:26,"3626 W FOND DU LAC AV,MKE",7,POLICE ADMIN,Assignment Completed
190642322-Assignment Completed,190642322,2019-03-05 18:11:11,"2323 N 44TH ST,MKE",3,PROBATION/PAROLE,Assignment Completed
190642307-Advised,190642307,2019-03-05 18:09:30,"3237 S 16TH ST,MKE",6,PROPERTY DAMAGE,Advised
190642243-Advised,190642243,2019-03-05 18:05:11,"3282 N 46TH ST,MKE",7,FAMILY TROUBLE,Advised
190642305-Assignment Completed,190642305,2019-03-05 18:04:44,"4715 W VLIET ST,MKE",3,REPORTS,Assignment Completed
190642290-To be Filed,190642290,2019-03-05 17:59:26,"245 W LINCOLN AV,MKE",2,INVESTIGATION,To be Filed
190642284-To be Filed,190642284,2019-03-05 17:56:50,"3626 W FOND DU LAC AV,MKE",7,INVESTIGATION,To be Filed
190642170-Advised,190642170,2019-03-05 17:53:50,"1531 S 30TH ST,MKE",2,TRBL W/SUBJ,Advised
190642146-Advised,190642146,2019-03-05 17:48:51,"9047 N 75TH ST,MKE",4,BATTERY,Advised
190642244-Assignment Completed,190642244,2019-03-05 17:46:07,"370 E CAPITOL DR,MKE",5,PARK AND WALK,Assignment Completed
190642196-Open Investigation,190642196,2019-03-05 17:45:54,"N 52ND ST / W MARION ST,MKE",7,TRBL W/JUV,Open Investigation
190642242-Assignment Completed,190642242,2019-03-05 17:44:30,"3850 N 35TH ST,MKE",7,COMMUNITY MTNG,Assignment Completed
190642232-Advised,190642232,2019-03-05 17:43:24,"3386 N 24TH ST,MKE",5,WELFARE CITIZEN,Advised
190642231-Assignment Completed,190642231,2019-03-05 17:41:24,"2333 N 49TH ST,MKE",3,RETURN STATION,Assignment Completed
190642204-To be Filed,190642204,2019-03-05 17:35:57,"2950 S CHASE AV,MKE",6,SUBJ WITH WEAPON,To be Filed
190642384-Service in Progress,190642384,2019-03-05 18:38:46,"808 N 24TH ST,MKE",3,TRBL W/SUBJ,Service in Progress
190642250-Advised,190642250,2019-03-05 18:38:18,"5626 W VLIET ST,MKE",3,TRBL W/SUBJ,Advised
190642387-Service in Progress,190642387,2019-03-05 18:38:17,"3006 S 27TH ST,MKE",6,REPORTS,Service in Progress
190642383-City Citation(s) Issued,190642383,2019-03-05 18:37:15,"W FOND DU LAC AV / W CONGRESS ST,MKE",7,TRAFFIC STOP,City Citation(s) Issued
190642381-Assignment Completed,190642381,2019-03-05 18:37:07,"6929 W SILVER SPRING DR,MKE",4,OUT OF SERVICE,Assignment Completed
190642380-Service in Progress,190642380,2019-03-05 18:36:57,"2620 W WISCONSIN AV,MKE",3,FOLLOW UP,Service in Progress
190642361-Assignment Completed,190642361,2019-03-05 18:36:10,"W CENTER ST / W FOND DU LAC AV,MKE",5,INJ PERSON/SICK,Assignment Completed
190642375-Unable to Locate Complainant,190642375,2019-03-05 18:35:32,"4938 N 66TH ST,MKE",7,ROBBERY ST ARM,Unable to Locate Complainant
190642377-Assignment Completed,190642377,2019-03-05 18:35:20,"10700 W MILL RD,MKE",4,PATROL,Assignment Completed
190642343-Assignment Completed,190642343,2019-03-05 18:27:28,"N 91ST ST / W HAMPTON AV,MKE",7,ACC UNKN INJ,Assignment Completed
190642353-Open Investigation,190642353,2019-03-05 18:24:10,"W HAMPTON AV / N LYDELL AV,MKE",5,ACC PDO,Open Investigation
190642349-Assignment Completed,190642349,2019-03-05 18:22:16,"1100 W GREENFIELD AV,MKE",2,PATROL,Assignment Completed
190642346-Assignment Completed,190642346,2019-03-05 18:20:40,"6929 W SILVER SPRING DR,MKE",4,SPECIAL ASSIGN,Assignment Completed
190642271-Assignment Completed,190642271,2019-03-05 18:19:00,"2434 W MICHIGAN ST,MKE",3,LOOSE ANIMAL,Assignment Completed
190642300-Advised,190642300,2019-03-05 18:17:10,"N 29TH ST / W ST PAUL AV,MKE",3,INJ PERSON/SICK,Advised
190642301-To be Filed,190642301,2019-03-05 18:03:56,"2333 N 49TH ST,MKE",3,REPORTS,To be Filed
190642295-Referral,190642295,2019-03-05 18:02:34,"5027 N 19TH ST,MKE",7,WELFARE CITIZEN,Referral
190642283-Assignment Completed,190642283,2019-03-05 17:56:42,"3850 N 35TH ST,MKE",7,COMMUNITY MTNG,Assignment Completed
190642403-Service in Progress,190642403,2019-03-05 18:44:34,"N 91ST ST / W HAMPTON AV,MKE",7,ACC UNKN INJ,Service in Progress
190642398-Advised,190642398,2019-03-05 18:44:13,"2440 S KINNICKINNIC AV,MKE",6,WELFARE CITIZEN,Advised
190642385-Service in Progress,190642385,2019-03-05 18:43:39,"3054 N 77TH ST,MKE",7,VIOL REST ORD-DV,Service in Progress
190642378-Service in Progress,190642378,2019-03-05 18:41:36,"3477 S 16TH ST,MKE",6,FRAUD,Service in Progress
190642409-City Citation(s) Issued,190642409,2019-03-05 18:48:39,"1550 W BECHER ST,MKE",2,TRAFFIC STOP,City Citation(s) Issued
190642363-Service in Progress,190642363,2019-03-05 18:47:21,"3626 W FOND DU LAC AV,MKE",7,PRISONER TRANS,Service in Progress
190642407-Service in Progress,190642407,2019-03-05 18:46:38,"144 E WELLS ST,MKE",1,SPECIAL ASSIGN,Service in Progress
190642402-Advised,190642402,2019-03-05 18:46:25,"102 E MEINECKE AV,MKE",5,ENTRY,Advised
190642400-Advised,190642400,2019-03-05 18:45:37,"10511 W SILVER SPRING DR,MKE",4,SUSP PERS/AUTO,Advised
190642406-Service in Progress,190642406,2019-03-05 18:45:19,13765 W CLEVELAND AV,CITY,FOLLOW UP,Service in Progress
190642369-Assignment Completed,190642369,2019-03-05 18:31:22,"245 W LINCOLN AV,MKE",2,RETURN STATION,Assignment Completed
190642340-Open Investigation,190642340,2019-03-05 18:24:54,"1821 N 22ND ST,MKE",3,THEFT,Open Investigation
190642418-Assignment Completed,190642418,2019-03-05 18:54:22,"245 W LINCOLN AV,MKE",2,OUT OF SERVICE,Assignment Completed
190642416-Assignment Completed,190642416,2019-03-05 18:52:07,D7,SPD,RETURN STATION,Assignment Completed
190642351-Advised,190642351,2019-03-05 18:51:54,"2120 N 38TH ST,MKE",3,TRBL W/SUBJ,Advised
190642408-Cleared by Arrest,190642408,2019-03-05 18:51:09,"2237 N 17TH ST,MKE",3,WELFARE CITIZEN,Cleared by Arrest
190642411-Unable to Locate Complainant,190642411,2019-03-05 18:50:28,"S 43RD ST / W FOREST HOME AV,MKE",6,TRBL W/SUBJ,Unable to Locate Complainant
190642319-Service in Progress,190642319,2019-03-05 18:50:15,"7721 W SHERIDAN AV,MKE",4,FAMILY TROUBLE,Service in Progress
190642412-Assignment Completed,190642412,2019-03-05 18:50:06,"3626 W FOND DU LAC AV,MKE",7,OUT OF SERVICE,Assignment Completed
190642380-Assignment Completed,190642380,2019-03-05 18:36:57,"2620 W WISCONSIN AV,MKE",3,FOLLOW UP,Assignment Completed
190642308-Assignment Completed,190642308,2019-03-05 18:07:19,"2344 N BOOTH ST,MKE",5,SUBJ WANTED,Assignment Completed
190642429-Service in Progress,190642429,2019-03-05 18:59:37,"3626 W FOND DU LAC AV,MKE",7,POLICE ADMIN,Service in Progress
190642428-Service in Progress,190642428,2019-03-05 18:59:06,"3626 W FOND DU LAC AV,MKE",7,REPORTS,Service in Progress
190642426-Service in Progress,190642426,2019-03-05 18:58:30,"749 W STATE ST,MKE",1,SPECIAL ASSIGN,Service in Progress
190642425-Assignment Completed,190642425,2019-03-05 18:57:55,"749 W STATE ST,MKE",1,RETURN STATION,Assignment Completed
190642422-Assignment Completed,190642422,2019-03-05 18:56:12,"6680 N TEUTONIA AV,MKE",4,RETURN STATION,Assignment Completed
190642394-Service in Progress,190642394,2019-03-05 18:55:56,"730 N 29TH ST,MKE",3,ENTRY,Service in Progress
190642420-Assignment Completed,190642420,2019-03-05 18:55:50,"1300 S 1ST ST,MKE",2,BUSINESS CHECK,Assignment Completed
190642403-To be Filed,190642403,2019-03-05 18:44:34,"N 91ST ST / W HAMPTON AV,MKE",7,ACC UNKN INJ,To be Filed
190642312-Assignment Completed,190642312,2019-03-05 18:14:58,"3315 W MT VERNON AV,MKE",3,BATTERY DV,Assignment Completed
190642316-Assignment Completed,190642316,2019-03-05 18:09:49,"10300 W HAMPTON AV,MKE",4,INVESTIGATION,Assignment Completed
190642307-Assignment Completed,190642307,2019-03-05 18:09:30,"3237 S 16TH ST,MKE",6,PROPERTY DAMAGE,Assignment Completed
190642302-Assignment Completed,190642302,2019-03-05 18:04:09,"6161 N 64TH ST,MKE",4,COMMUNITY MTNG,Assignment Completed
190642273-Assignment Completed,190642273,2019-03-05 18:01:04,"3510 S 57TH ST,MKE",6,CRUELTY ANIMAL,Assignment Completed
190642423-Service in Progress,190642423,2019-03-05 19:05:00,"N 35TH ST / W MELVINA ST,MKE",7,PROPERTY DAMAGE,Service in Progress
190642371-Advised,190642371,2019-03-05 19:04:12,"2204 S 18TH ST,MKE",2,CRUELTY ANIMAL,Advised
190642441-Service in Progress,190642441,2019-03-05 19:03:54,"4265 N 30TH ST,MKE",5,SPECIAL ASSIGN,Service in Progress
190642438-Service in Progress,190642438,2019-03-05 19:03:14,"6929 W SILVER SPRING DR,MKE",4,RETURN STATION,Service in Progress
190642433-Unable to Locate Complainant,190642433,2019-03-05 19:02:58,"W MORGAN AV / S 76TH ST,MKE",6,RECKLESS VEHICLE,Unable to Locate Complainant
190642437-Advised,190642437,2019-03-05 19:02:50,"S 19TH ST / W NATIONAL AV,MKE",2,TRAFFIC STOP,Advised
190642435-Service in Progress,190642435,2019-03-05 19:02:15,"6929 W SILVER SPRING DR,MKE",4,FOLLOW UP,Service in Progress
190642396-Unable to Locate Complainant,190642396,2019-03-05 19:02:01,"7800 W APPLETON AV,MKE",7,TRBL W/SUBJ,Unable to Locate Complainant
190642401-Service in Progress,190642401,2019-03-05 19:01:34,"5544 N 55TH ST,MKE",4,BATTERY DV,Service in Progress
190642431-Service in Progress,190642431,2019-03-05 19:00:17,"1441 S 35TH ST,MKE",2,BUSINESS CHECK,Service in Progress
190642324-Open Investigation,190642324,2019-03-05 18:12:32,"7617 W GREEN TREE RD,MKE",4,TRBL W/SUBJ-DV,Open Investigation
190642459-Unable to Locate Complainant,190642459,2019-03-05 19:09:59,"3404 N SUMMIT AV,MKE",1,FOLLOW UP,Unable to Locate Complainant
190642458-Service in Progress,190642458,2019-03-05 19:09:37,"3626 W FOND DU LAC AV,MKE",7,REPORTS,Service in Progress
190642457-Service in Progress,190642457,2019-03-05 19:09:11,"2920 N VEL R PHILLIPS AV,MKE",5,REPORTS,Service in Progress
190642450-Unable to Locate Complainant,190642450,2019-03-05 19:08:59,"N 91ST ST / W GOOD HOPE RD,MKE",4,WELFARE CITIZEN,Unable to Locate Complainant
190642454-Service in Progress,190642454,2019-03-05 19:08:31,"3006 S 27TH ST,MKE",6,FOLLOW UP,Service in Progress
190642451-Service in Progress,190642451,2019-03-05 19:07:08,"2920 N VEL R PHILLIPS AV,MKE",5,FOLLOW UP,Service in Progress
190642449-City Citation(s) Issued,190642449,2019-03-05 19:06:58,"W HAMPTON AV / N LYDELL AV,MKE",5,TRAFFIC STOP,City Citation(s) Issued
190642440-Service in Progress,190642440,2019-03-05 19:05:40,"3364 S 69TH ST,MKE",6,ENTRY,Service in Progress
190642448-Service in Progress,190642448,2019-03-05 19:05:38,"749 W STATE ST,MKE",1,ASSIGNMENT,Service in Progress
190642447-Assignment Completed,190642447,2019-03-05 19:05:20,"3626 W FOND DU LAC AV,MKE",7,RETURN STATION,Assignment Completed
190642431-Assignment Completed,190642431,2019-03-05 19:00:17,"1441 S 35TH ST,MKE",2,BUSINESS CHECK,Assignment Completed
190642429-Assignment Completed,190642429,2019-03-05 18:59:37,"3626 W FOND DU LAC AV,MKE",7,POLICE ADMIN,Assignment Completed
190642469-Service in Progress,190642469,2019-03-05 19:14:32,"N 13TH ST / W ATKINSON AV,MKE",5,INVESTIGATION,Service in Progress
190642397-Service in Progress,190642397,2019-03-05 19:14:01,"2920 N VEL R PHILLIPS AV,MKE",5,PRISONER TRANS,Service in Progress
190642405-Advised,190642405,2019-03-05 19:13:32,"2547 N 23RD ST,MKE",3,911 ABUSE,Advised
190642468-Assignment Completed,190642468,2019-03-05 19:13:16,"245 W LINCOLN AV,MKE",2,PROPERTY PICKUP,Assignment Completed
190642465-Service in Progress,190642465,2019-03-05 19:12:37,"2470 W HAMPTON AV,MKE",7,WELFARE CITIZEN,Service in Progress
190642442-Service in Progress,190642442,2019-03-05 19:11:40,"3032 N PALMER ST,MKE",5,DEAD ON ENTRY,Service in Progress
190642464-Service in Progress,190642464,2019-03-05 19:11:18,"S 13TH ST / W BECHER ST,MKE",2,SPECIAL ASSIGN,Service in Progress
190642463-Service in Progress,190642463,2019-03-05 19:11:17,"4524 W LEON TR,MKE",7,SPECIAL ASSIGN,Service in Progress
190642452-Service in Progress,190642452,2019-03-05 19:10:20,"2410 W FOREST HOME AV,MKE",2,WELFARE CITIZEN,Service in Progress
190642458-Assignment Completed,190642458,2019-03-05 19:09:37,"3626 W FOND DU LAC AV,MKE",7,REPORTS,Assignment Completed
190642454-Assignment Completed,190642454,2019-03-05 19:08:31,"3006 S 27TH ST,MKE",6,FOLLOW UP,Assignment Completed
190642438-Assignment Completed,190642438,2019-03-05 19:03:14,"6929 W SILVER SPRING DR,MKE",4,RETURN STATION,Assignment Completed
190642319-Advised,190642319,2019-03-05 18:50:15,"7721 W SHERIDAN AV,MKE",4,FAMILY TROUBLE,Advised
190642378-Unable to Locate Complainant,190642378,2019-03-05 18:41:36,"3477 S 16TH ST,MKE",6,THEFT VEHICLE,Unable to Locate Complainant
190642384-Assignment Completed,190642384,2019-03-05 18:38:46,"808 N 24TH ST,MKE",3,TRBL W/SUBJ,Assignment Completed
190642481-Service in Progress,190642481,2019-03-05 19:19:33,"4500 W SILVER SPRING DR,MKE",4,TRAFFIC STOP,Service in Progress
190642395-Unable to Locate Complainant,190642395,2019-03-05 19:19:22,"6620 W SILVER SPRING DR,MKE",4,FAMILY TROUBLE,Unable to Locate Complainant
190642476-Service in Progress,190642476,2019-03-05 19:17:38,"338 S 1ST ST,MKE",1,BUSINESS CHECK,Service in Progress
190642474-Service in Progress,190642474,2019-03-05 19:17:21,"9415 W SILVER SPRING DR,MKE",4,FOLLOW UP,Service in Progress
190642472-Advised,190642472,2019-03-05 19:16:32,4402 W CENTER ST,SPD,TRAFFIC STOP,Advised
190642466-Service in Progress,190642466,2019-03-05 19:15:11,"N 27TH ST / W BURLEIGH ST,MKE",5,ACC PI,Service in Progress
190642495-Service in Progress,190642495,2019-03-05 19:24:40,"749 W STATE ST,MKE",1,REPORTS,Service in Progress
190642492-Service in Progress,190642492,2019-03-05 19:24:19,"2920 N VEL R PHILLIPS AV,MKE",5,REPORTS,Service in Progress
190642489-Service in Progress,190642489,2019-03-05 19:23:39,"N 27TH ST / W LISBON AV,MKE",3,INVESTIGATION,Service in Progress
190642488-Service in Progress,190642488,2019-03-05 19:22:44,"N 99TH ST / W EVERTS ST,MKE",4,PLANT CAR,Service in Progress
190642471-Service in Progress,190642471,2019-03-05 19:21:53,"971 W WINDLAKE AV,MKE",2,ACC PDO,Service in Progress
190642487-Assignment Completed,190642487,2019-03-05 19:21:52,"7525 W OKLAHOMA AV,MKE",6,BUSINESS CHECK,Assignment Completed
190642483-Assignment Completed,190642483,2019-03-05 19:21:40,"8220 W HAMPTON AV,MKE",7,TRBL W/SUBJ,Assignment Completed
190642445-Advised,190642445,2019-03-05 19:21:36,"902 S 6TH ST,MKE",2,LANDLORD/TEN TRB,Advised
190642485-Assignment Completed,190642485,2019-03-05 19:20:45,"3006 S 27TH ST,MKE",6,RETURN STATION,Assignment Completed
190642448-Assignment Completed,190642448,2019-03-05 19:05:38,"749 W STATE ST,MKE",1,ASSIGNMENT,Assignment Completed
190642428-Assignment Completed,190642428,2019-03-05 18:59:06,"3626 W FOND DU LAC AV,MKE",7,REPORTS,Assignment Completed
190642426-Assignment Completed,190642426,2019-03-05 18:58:30,"749 W STATE ST,MKE",1,SPECIAL ASSIGN,Assignment Completed
190642394-Open Investigation,190642394,2019-03-05 18:55:56,"730 N 29TH ST,MKE",3,ENTRY,Open Investigation
190642500-Unable to Locate Complainant,190642500,2019-03-05 19:27:10,"2333 W ROGERS ST,MKE",2,SHOTSPOTTER,Unable to Locate Complainant
190642496-Service in Progress,190642496,2019-03-05 19:26:18,"4371 N 48TH ST,MKE",7,TRBL W/SUBJ-DV,Service in Progress
190642499-Assignment Completed,190642499,2019-03-05 19:26:08,"W GREEN TREE RD / N 43RD ST,MKE",4,PATROL,Assignment Completed
190642497-Assignment Completed,190642497,2019-03-05 19:25:06,"1400 S UNION ST,MKE",2,BUSINESS CHECK,Assignment Completed
190642483-Advised,190642483,2019-03-05 19:21:40,"8220 W HAMPTON AV,MKE",7,TRBL W/SUBJ,Advised
190642481-City Citation(s) Issued,190642481,2019-03-05 19:19:33,"4500 W SILVER SPRING DR,MKE",4,TRAFFIC STOP,City Citation(s) Issued
190642476-Assignment Completed,190642476,2019-03-05 19:17:38,"338 S 1ST ST,MKE",1,BUSINESS CHECK,Assignment Completed
190642474-Assignment Completed,190642474,2019-03-05 19:17:21,"9415 W SILVER SPRING DR,MKE",4,FOLLOW UP,Assignment Completed
190642402-Assignment Completed,190642402,2019-03-05 18:46:25,"102 E MEINECKE AV,MKE",5,ENTRY,Assignment Completed
190642399-Advised,190642399,2019-03-05 18:43:56,"5356 N 48TH ST,MKE",4,FAMILY TROUBLE,Advised
190642511-Service in Progress,190642511,2019-03-05 19:34:36,"7615 W LORRAINE PL,MKE",7,INJ PERSON/SICK,Service in Progress
190642498-Service in Progress,190642498,2019-03-05 19:33:24,"S LAYTON BL / W GRANT ST,MKE",2,TRAFFIC HAZARD,Service in Progress
190642506-Service in Progress,190642506,2019-03-05 19:32:46,"N SHERMAN BL / W GARFIELD AV,MKE",3,ACC PDO,Service in Progress
190642507-Assignment Completed,190642507,2019-03-05 19:32:04,"11248 W MILL RD,MKE",4,BUSINESS CHECK,Assignment Completed
190642505-Assignment Completed,190642505,2019-03-05 19:31:39,"4212 W HAMPTON AV,MKE",7,FOLLOW UP,Assignment Completed
190642504-Service in Progress,190642504,2019-03-05 19:31:34,"1100-BLK S 1ST ST,MKE",2,ASSIGNMENT,Service in Progress
190642471-Assignment Completed,190642471,2019-03-05 19:21:53,"971 W WINDLAKE AV,MKE",2,ACC PDO,Assignment Completed
190642465-Advised,190642465,2019-03-05 19:12:37,"2470 W HAMPTON AV,MKE",7,WELFARE CITIZEN,Advised
190642452-Advised,190642452,2019-03-05 19:10:20,"2410 W FOREST HOME AV,MKE",2,WELFARE CITIZEN,Advised
190642503-Service in Progress,190642503,2019-03-05 19:39:58,"931 W GREENFIELD AV,MKE",2,DRUG DEALING,Service in Progress
190642522-Service in Progress,190642522,2019-03-05 19:39:22,"605 S 1ST ST,MKE",2,INJ PERSON/SICK,Service in Progress
190642470-Service in Progress,190642470,2019-03-05 19:38:14,"2333 N 49TH ST,MKE",3,ASSIGNMENT,Service in Progress
190642525-Service in Progress,190642525,2019-03-05 19:38:01,"5075 N SHERMAN BL,MKE",7,SPECIAL ASSIGN,Service in Progress
190642524-Assignment Completed,190642524,2019-03-05 19:37:50,"6400 N TEUTONIA AV,MKE",4,PATROL,Assignment Completed
190642508-Service in Progress,190642508,2019-03-05 19:37:38,"611 N BROADWAY,MKE",1,THEFT VEHICLE,Service in Progress
190642494-Service in Progress,190642494,2019-03-05 19:37:17,"7425 W APPLETON AV,MKE",7,TRBL W/SUBJ,Service in Progress
190642518-Advised,190642518,2019-03-05 19:36:03,"4800 N SHERMAN BL,MKE",7,TRAFFIC STOP,Advised
190642519-City Citation(s) Issued,190642519,2019-03-05 19:36:03,"10510 W HAMPTON AV,MKE",4,TRAFFIC STOP,City Citation(s) Issued
190642514-Advised,190642514,2019-03-05 19:35:52,"W FOND DU LAC AV / W SILVER SPRING DR,MKE",4,TRBL W/SUBJ,Advised
190642516-Unable to Locate Complainant,190642516,2019-03-05 19:35:41,"N 28TH ST / W KILBOURN AV,MKE",3,FIGHT,Unable to Locate Complainant
190642504-Assignment Completed,190642504,2019-03-05 19:31:34,"1100-BLK S 1ST ST,MKE",2,ASSIGNMENT,Assignment Completed
190642402-To be Filed,190642402,2019-03-05 18:46:25,"102 E MEINECKE AV,MKE",5,ENTRY,To be Filed
190642385-To be Filed,190642385,2019-03-05 18:43:39,"3054 N 77TH ST,MKE",7,VIOL REST ORD-DV,To be Filed
190642538-Service in Progress,190642538,2019-03-05 19:44:53,"5046 N 84TH ST,MKE",7,ENTRY,Service in Progress
190642543-Advised,190642543,2019-03-05 19:43:59,"4436 W FOREST HOME AV,MKE",6,TRAFFIC STOP,Advised
190642542-To be Filed,190642542,2019-03-05 19:43:58,"951 N JAMES LOVELL ST,MKE",1,THEFT VEHICLE,To be Filed
190642536-Service in Progress,190642536,2019-03-05 19:43:42,"4925 N 25TH ST,MKE",7,WELFARE CITIZEN,Service in Progress
190642509-Service in Progress,190642509,2019-03-05 19:43:00,"N 29TH ST / W WELLS ST,MKE",3,WATER MAIN BREAK,Service in Progress
190642520-Service in Progress,190642520,2019-03-05 19:42:30,"E LOCUST ST / N OAKLAND AV,MKE",1,ACC PDO,Service in Progress
190642535-Unable to Locate Complainant,190642535,2019-03-05 19:41:54,"4911 N 50TH ST,MKE",7,SUBJ WANTED,Unable to Locate Complainant
190642486-Service in Progress,190642486,2019-03-05 19:41:02,"2618 N 40TH ST,MKE",3,CALL FOR POLICE,Service in Progress
190642530-Advised,190642530,2019-03-05 19:40:36,"4835 N HOPKINS ST,MKE",7,TRAFFIC STOP,Advised
190642528-Service in Progress,190642528,2019-03-05 19:40:22,"6929 W SILVER SPRING DR,MKE",4,ASSIGNMENT,Service in Progress
190642464-Open Investigation,190642464,2019-03-05 19:11:18,"S 13TH ST / W BECHER ST,MKE",2,SPECIAL ASSIGN,Open Investigation
190642558-Service in Progress,190642558,2019-03-05 19:49:22,"5500 W LLOYD ST,MKE",3,INVESTIGATION,Service in Progress
190642554-Service in Progress,190642554,2019-03-05 19:48:56,"2525 W AUER AV,MKE",5,ACC PDO,Service in Progress
190642556-Unable to Locate Complainant,190642556,2019-03-05 19:48:49,"N 78TH ST / W CALUMET RD,MKE",4,SUBJ WITH GUN,Unable to Locate Complainant
190642553-Service in Progress,190642553,2019-03-05 19:47:53,"3413 S 26TH ST,MKE",6,SHOTS FIRED,Service in Progress
190642555-Assignment Completed,190642555,2019-03-05 19:47:23,"N LOVERS LANE RD / W SILVER SPRING DR,MKE",4,PATROL,Assignment Completed
190642539-Service in Progress,190642539,2019-03-05 19:46:39,"1420 W CENTER ST,MKE",5,FAMILY TROUBL-DV,Service in Progress
190642549-Service in Progress,190642549,2019-03-05 19:45:36,"3626 W FOND DU LAC AV,MKE",7,ASSIGNMENT,Service in Progress
190642540-Service in Progress,190642540,2019-03-05 19:45:34,"518 N WATER ST,MKE",1,MEET GOVT AGENCY,Service in Progress
190642546-Advised,190642546,2019-03-05 19:45:16,"2621 N HACKETT AV,MKE",1,TRAFFIC STOP,Advised
190642545-Service in Progress,190642545,2019-03-05 19:45:14,"2333 N 49TH ST,MKE",3,RETURN STATION,Service in Progress
190642486-Advised,190642486,2019-03-05 19:41:02,"2618 N 40TH ST,MKE",3,TRBL W/JUV,Advised
190642496-Assignment Completed,190642496,2019-03-05 19:26:18,"4371 N 48TH ST,MKE",7,TRBL W/SUBJ-DV,Assignment Completed
190642471-To be Filed,190642471,2019-03-05 19:21:53,"971 W WINDLAKE AV,MKE",2,ACC PDO,To be Filed
190642423-To be Filed,190642423,2019-03-05 19:05:00,"N 35TH ST / W MELVINA ST,MKE",7,PROPERTY DAMAGE,To be Filed
190642567-Assignment Completed,190642567,2019-03-05 19:54:40,"2333 N 49TH ST,MKE",3,OUT OF SERVICE,Assignment Completed
190642559-City Citation(s) Issued,190642559,2019-03-05 19:50:21,"5102 N 105TH ST,MKE",4,TRAFFIC STOP,City Citation(s) Issued
190642565-Service in Progress,190642565,2019-03-05 19:58:50,"11330 W METRO AUTO MALL,MKE",4,THEFT VEHICLE,Service in Progress
190642547-Advised,190642547,2019-03-05 19:58:48,"2520 W NATIONAL AV,MKE",2,TRBL W/SUBJ,Advised
190642572-Advised,190642572,2019-03-05 19:57:07,"N 53RD ST / W HAMPTON AV,MKE",7,TRAFFIC STOP,Advised
190642571-Service in Progress,190642571,2019-03-05 19:56:42,"921 W LAPHAM BL,MKE",2,FOLLOW UP,Service in Progress
190642569-Assignment Completed,190642569,2019-03-05 19:55:58,"W GREEN TREE RD / N TEUTONIA AV,MKE",4,PATROL,Assignment Completed
190642566-Service in Progress,190642566,2019-03-05 19:55:35,"4919 N 20TH ST,MKE",7,VIOL REST ORDER,Service in Progress
190642558-Assignment Completed,190642558,2019-03-05 19:49:22,"5500 W LLOYD ST,MKE",3,INVESTIGATION,Assignment Completed
190642545-Assignment Completed,190642545,2019-03-05 19:45:14,"2333 N 49TH ST,MKE",3,RETURN STATION,Assignment Completed
190642536-Advised,190642536,2019-03-05 19:43:42,"4925 N 25TH ST,MKE",7,WELFARE CITIZEN,Advised
190642528-Assignment Completed,190642528,2019-03-05 19:40:22,"6929 W SILVER SPRING DR,MKE",4,ASSIGNMENT,Assignment Completed
190642503-Unable to Locate Complainant,190642503,2019-03-05 19:39:58,"931 W GREENFIELD AV,MKE",2,DRUG DEALING,Unable to Locate Complainant
190642494-Advised,190642494,2019-03-05 19:37:17,"7425 W APPLETON AV,MKE",7,TRBL W/SUBJ,Advised
190642511-Assignment Completed,190642511,2019-03-05 19:34:36,"7615 W LORRAINE PL,MKE",7,INJ PERSON/SICK,Assignment Completed
190642489-Open Investigation,190642489,2019-03-05 19:23:39,"N 27TH ST / W LISBON AV,MKE",3,INVESTIGATION,Open Investigation
190642457-To be Filed,190642457,2019-03-05 19:09:11,"2920 N VEL R PHILLIPS AV,MKE",5,REPORTS,To be Filed
190642592-Service in Progress,190642592,2019-03-05 20:04:28,"2333 N 49TH ST,MKE",3,FOLLOW UP,Service in Progress
190642591-Assignment Completed,190642591,2019-03-05 20:04:22,"8400 W BROWN DEER RD,MKE",4,PATROL,Assignment Completed
190642560-Service in Progress,190642560,2019-03-05 20:04:12,"5046 N 84TH ST,MKE",7,ENTRY,Service in Progress
190642590-Service in Progress,190642590,2019-03-05 20:04:10,"2333 N 49TH ST,MKE",3,REPORTS,Service in Progress
190642587-Assignment Completed,190642587,2019-03-05 20:02:37,"3300 W CHERRY ST,MKE",3,INVESTIGATION,Assignment Completed
190642584-Assignment Completed,190642584,2019-03-05 20:02:06,"6929 W SILVER SPRING DR,MKE",4,RETURN STATION,Assignment Completed
190642583-Unable to Locate Complainant,190642583,2019-03-05 20:01:58,"3211 W AUER AV,MKE",7,SHOTSPOTTER,Unable to Locate Complainant
190642574-Unable to Locate Complainant,190642574,2019-03-05 20:09:44,"1651 S 5TH ST,MKE",2,TRBL W/SUBJ,Unable to Locate Complainant
190642608-Assignment Completed,190642608,2019-03-05 20:08:44,"1609 E NORTH AV,MKE",1,BUSINESS CHECK,Assignment Completed
190642606-Service in Progress,190642606,2019-03-05 20:08:34,"749 W STATE ST,MKE",1,SPECIAL ASSIGN,Service in Progress
190642605-Advised,190642605,2019-03-05 20:08:32,"4200 N TEUTONIA AV,MKE",5,TRAFFIC STOP,Advised
190642602-Assignment Completed,190642602,2019-03-05 20:07:39,"N 76TH ST / W TOWER AV,MKE",4,PATROL,Assignment Completed
190642600-Advised,190642600,2019-03-05 20:07:15,"4681 N 56TH ST,MKE",7,TRAFFIC STOP,Advised
190642588-Service in Progress,190642588,2019-03-05 20:06:39,"649 N 31ST ST,MKE",3,CALL FOR POLICE,Service in Progress
190642598-Assignment Completed,190642598,2019-03-05 20:06:28,"3869 S 84TH ST,MKE",6,BUSINESS CHECK,Assignment Completed
190642593-Advised,190642593,2019-03-05 20:05:02,"9622 W FOND DU LAC AV,MKE",4,TRAFFIC STOP,Advised
190642509-Assignment Completed,190642509,2019-03-05 19:43:00,"N 29TH ST / W WELLS ST,MKE",3,WATER MAIN BREAK,Assignment Completed
190642520-Unable to Locate Complainant,190642520,2019-03-05 19:42:30,"E LOCUST ST / N OAKLAND AV,MKE",1,ACC PDO,Unable to Locate Complainant
190642624-Assignment Completed,190642624,2019-03-05 20:14:47,"3006 S 27TH ST,MKE",6,RETURN STATION,Assignment Completed
190642622-Service in Progress,190642622,2019-03-05 20:13:47,"2333 N 49TH ST,MKE",3,RETURN STATION,Service in Progress
190642615-Assignment Completed,190642615,2019-03-05 20:13:08,"3626 W FOND DU LAC AV,MKE",7,POLICE ADMIN,Assignment Completed
190642502-Advised,190642502,2019-03-05 20:12:54,"1831 W JUNEAU AV,MKE",3,THEFT,Advised
190642617-City Citation(s) Issued,190642617,2019-03-05 20:11:52,"4614 W CAPITOL DR,MKE",7,TRAFFIC STOP,City Citation(s) Issued
190642612-Service in Progress,190642612,2019-03-05 20:10:49,"1712 W FOREST HOME AV,MKE",2,BATTERY,Service in Progress
190642614-Assignment Completed,190642614,2019-03-05 20:10:04,"245 W LINCOLN AV,MKE",2,POLICE ADMIN,Assignment Completed
190642590-Assignment Completed,190642590,2019-03-05 20:04:10,"2333 N 49TH ST,MKE",3,REPORTS,Assignment Completed
190642554-To be Filed,190642554,2019-03-05 19:48:56,"2525 W AUER AV,MKE",5,ACC PDO,To be Filed
190642539-Advised,190642539,2019-03-05 19:46:39,"1420 W CENTER ST,MKE",5,FAMILY TROUBL-DV,Advised
190642470-Assignment Completed,190642470,2019-03-05 19:38:14,"2333 N 49TH ST,MKE",3,ASSIGNMENT,Assignment Completed
190642506-Assignment Completed,190642506,2019-03-05 19:32:46,"N SHERMAN BL / W GARFIELD AV,MKE",3,ACC PDO,Assignment Completed
190642641-Assignment Completed,190642641,2019-03-05 20:19:32,"1312 S 1ST ST,MKE",2,BUSINESS CHECK,Assignment Completed
190642640-Service in Progress,190642640,2019-03-05 20:19:29,"749 W STATE ST,MKE",1,RETURN STATION,Service in Progress
190642548-Advised,190642548,2019-03-05 20:19:03,"5075 N SHERMAN BL,MKE",7,THEFT,Advised
190642637-To be Filed,190642637,2019-03-05 20:19:03,"N 58TH ST / W VILLARD AV,MKE",7,NON PURSUIT,To be Filed
190642634-Advised,190642634,2019-03-05 20:17:23,"3650 N MARTIN L KING JR DR,MKE",5,TRAFFIC STOP,Advised
190642628-Service in Progress,190642628,2019-03-05 20:17:18,"N 46TH ST / W NORTH AV,MKE",3,WELFARE CITIZEN,Service in Progress
190642627-Service in Progress,190642627,2019-03-05 20:17:12,"S 27TH ST / W OKLAHOMA AV,MKE",6,ACC PDO,Service in Progress
190642632-Advised,190642632,2019-03-05 20:16:52,"4850 N 32ND ST,MKE",7,TRAFFIC STOP,Advised
190642631-Unable to Locate Complainant,190642631,2019-03-05 20:16:39,"3940 W LISBON AV,MKE",3,FOLLOW UP,Unable to Locate Complainant
190642618-Assignment Completed,190642618,2019-03-05 20:16:06,"3212 W SILVER SPRING DR,MKE",4,ADDL INFO,Assignment Completed
190642612-Assignment Completed,190642612,2019-03-05 20:10:49,"1712 W FOREST HOME AV,MKE",2,BATTERY,Assignment Completed
190642549-Assignment Completed,190642549,2019-03-05 19:45:36,"3626 W FOND DU LAC AV,MKE",7,ASSIGNMENT,Assignment Completed
190642652-Advised,190642652,2019-03-05 20:23:57,"4860 N 37TH ST,MKE",7,TRAFFIC STOP,Advised
190642650-Assignment Completed,190642650,2019-03-05 20:23:39,"N 36TH ST / W CLARKE ST,MKE",3,INVESTIGATION,Assignment Completed
190642647-False Alarm,190642647,2019-03-05 20:23:28,"3191 S 76TH ST,MKE",6,HOLDUP ALARM,False Alarm
190642646-Service in Progress,190642646,2019-03-05 20:23:03,"10831 W PARK PL,MKE",4,SUSP PERS/AUTO,Service in Progress
190642648-Service in Progress,190642648,2019-03-05 20:23:00,"3600 W WISCONSIN AV,MKE",3,PATROL,Service in Progress
190642645-Service in Progress,190642645,2019-03-05 20:21:59,"8100 W BROWN DEER RD,MKE",4,BUSINESS CHECK,Service in Progress
190642644-Assignment Completed,190642644,2019-03-05 20:21:56,"4700-BLK N 52ND ST,MKE",7,INVESTIGATION,Assignment Completed
190642636-Service in Progress,190642636,2019-03-05 20:20:56,"5823 N 62ND ST,MKE",4,CALL FOR POLICE,Service in Progress
190642639-Assignment Completed,190642639,2019-03-05 20:20:07,"N 62ND ST / W CARMEN AV,MKE",4,BATTERY,Assignment Completed
190642642-Advised,190642642,2019-03-05 20:20:03,"2718 W CLARKE ST,MKE",3,TRAFFIC STOP,Advised
190642668-Service in Progress,190642668,2019-03-05 20:29:38,"9200 W BLUE MOUND RD,MKE",3,BUSINESS CHECK,Service in Progress
190642667-Service in Progress,190642667,2019-03-05 20:29:21,"901 N 27TH ST,MKE",3,BUSINESS CHECK,Service in Progress
190642666-Advised,190642666,2019-03-05 20:29:12,"4932 N 51ST BL,MKE",7,TRAFFIC STOP,Advised
190642663-Service in Progress,190642663,2019-03-05 20:28:48,"4922 N 60TH ST,MKE",7,TRAFFIC STOP,Service in Progress
190642662-Service in Progress,190642662,2019-03-05 20:28:45,"749 W STATE ST,MKE",1,RETURN STATION,Service in Progress
190642660-Assignment Completed,190642660,2019-03-05 20:27:55,"3200 W MEINECKE AV,MKE",3,NON PURSUIT NO P,Assignment Completed
190642658-Advised,190642658,2019-03-05 20:27:25,"N 60TH ST / W FOND DU LAC AV,MKE",7,TRAFFIC STOP,Advised
190642657-Assignment Completed,190642657,2019-03-05 20:27:23,"1000 S 22ND ST,MKE",2,PARK AND WALK,Assignment Completed
190642656-Assignment Completed,190642656,2019-03-05 20:27:08,"3301 W LISBON AV,MKE",3,INVESTIGATION,Assignment Completed
190642651-Service in Progress,190642651,2019-03-05 20:25:51,"3811 N VEL R PHILLIPS AV,MKE",5,TRBL W/SUBJ,Service in Progress
190642645-Assignment Completed,190642645,2019-03-05 20:21:59,"8100 W BROWN DEER RD,MKE",4,BUSINESS CHECK,Assignment Completed
190642628-Unable to Locate Complainant,190642628,2019-03-05 20:17:18,"N 46TH ST / W NORTH AV,MKE",3,WELFARE CITIZEN,Unable to Locate Complainant
190642588-Unable to Locate Complainant,190642588,2019-03-05 20:06:39,"649 N 31ST ST,MKE",3,CALL FOR POLICE,Unable to Locate Complainant
190642680-Service in Progress,190642680,2019-03-05 20:34:23,"2600 N 48TH ST,MKE",3,INVESTIGATION,Service in Progress
190642673-Unable to Locate Complainant,190642673,2019-03-05 20:34:10,"N 11TH ST / W BURLEIGH ST,MKE",5,SHOTS FIRED,Unable to Locate Complainant
190642679-Advised,190642679,2019-03-05 20:33:51,"5701 W HOWARD AV,MKE",6,TRAFFIC STOP,Advised
190642677-Advised,190642677,2019-03-05 20:32:57,"4626 W CAPITOL DR,MKE",7,TRAFFIC STOP,Advised
190642665-Unable to Locate Complainant,190642665,2019-03-05 20:32:56,"3323 W LAPHAM ST,MKE",2,SUSP PERS/AUTO,Unable to Locate Complainant
190642671-Assignment Completed,190642671,2019-03-05 20:30:58,"4115 N 56TH ST,MKE",7,RETURN STATION,Assignment Completed
190642664-Advised,190642664,2019-03-05 20:30:46,"2956 N 44TH ST,MKE",7,TRBL W/SUBJ,Advised
190642668-Assignment Completed,190642668,2019-03-05 20:29:38,"9200 W BLUE MOUND RD,MKE",3,BUSINESS CHECK,Assignment Completed
190642667-Assignment Completed,190642667,2019-03-05 20:29:21,"901 N 27TH ST,MKE",3,BUSINESS CHECK,Assignment Completed
190642663-Advised,190642663,2019-03-05 20:28:48,"4922 N 60TH ST,MKE",7,TRAFFIC STOP,Advised
190642651-Advised,190642651,2019-03-05 20:25:51,"3811 N VEL R PHILLIPS AV,MKE",5,TRBL W/SUBJ,Advised
190642646-Advised,190642646,2019-03-05 20:23:03,"10831 W PARK PL,MKE",4,SUSP PERS/AUTO,Advised
190642648-Assignment Completed,190642648,2019-03-05 20:23:00,"3600 W WISCONSIN AV,MKE",3,PATROL,Assignment Completed
190642639-City Citation(s) Issued,190642639,2019-03-05 20:20:07,"N 62ND ST / W CARMEN AV,MKE",4,BATTERY,City Citation(s) Issued
190642627-To be Filed,190642627,2019-03-05 20:17:12,"S 27TH ST / W OKLAHOMA AV,MKE",6,ACC PDO,To be Filed
190642622-Assignment Completed,190642622,2019-03-05 20:13:47,"2333 N 49TH ST,MKE",3,RETURN STATION,Assignment Completed
190642571-To be Filed,190642571,2019-03-05 19:56:42,"921 W LAPHAM BL,MKE",2,FOLLOW UP,To be Filed
190642566-Advised/Referral,190642566,2019-03-05 19:55:35,"4919 N 20TH ST,MKE",7,VIOL REST ORDER,Advised/Referral
190642697-Service in Progress,190642697,2019-03-05 20:39:23,"333 W BECHER ST,MKE",2,SPECIAL ASSIGN,Service in Progress
190642696-Service in Progress,190642696,2019-03-05 20:39:14,"2421 N 27TH ST,MKE",3,TRAFFIC STOP,Service in Progress
190642695-Service in Progress,190642695,2019-03-05 20:39:03,"749 W STATE ST,MKE",1,POLICE ADMIN,Service in Progress
190642694-Assignment Completed,190642694,2019-03-05 20:38:58,"N 76TH ST / W SILVER SPRING DR,MKE",4,VEHICLE PURSUIT,Assignment Completed
190642655-Service in Progress,190642655,2019-03-05 20:38:33,"2155 S KINNICKINNIC AV,MKE",6,WELFARE CITIZEN,Service in Progress
190642690-To be Filed,190642690,2019-03-05 20:37:46,"945 N 12TH ST,MKE",3,PROPERTY PICKUP,To be Filed
190642685-Assignment Completed,190642685,2019-03-05 20:36:28,"6001 N TEUTONIA AV,MKE",4,BUSINESS CHECK,Assignment Completed
190642684-Assignment Completed,190642684,2019-03-05 20:36:11,"3000 W CLARKE ST,MKE",3,INVESTIGATION,Assignment Completed
190642681-Service in Progress,190642681,2019-03-05 20:35:44,"W SILVER SPRING DR / N LOVERS LANE RD,MKE",4,WELFARE CITIZEN,Service in Progress
190642691-Service in Progress,190642691,2019-03-05 20:40:08,"5108 W BLUE MOUND RD,MKE",3,FRAUD,Service in Progress
190642563-Assignment Completed,190642563,2019-03-05 20:40:05,"5281 S 13TH ST,MKE",6,TRBL W/SUBJ,Assignment Completed
190642680-Assignment Completed,190642680,2019-03-05 20:34:23,"2600 N 48TH ST,MKE",3,INVESTIGATION,Assignment Completed
190642540-Assignment Completed,190642540,2019-03-05 19:45:34,"518 N WATER ST,MKE",1,MEET GOVT AGENCY,Assignment Completed
190642702-Service in Progress,190642702,2019-03-05 20:48:49,"6239 N TEUTONIA AV,MKE",4,BATTERY,Service in Progress
190642714-Unable to Locate Complainant,190642714,2019-03-05 20:47:31,"4650 W LLOYD ST,MKE",3,TRBL W/SUBJ,Unable to Locate Complainant
190642710-Assignment Completed,190642710,2019-03-05 20:45:22,"605 S 1ST ST,MKE",2,BUSINESS CHECK,Assignment Completed
190642691-Advised,190642691,2019-03-05 20:40:08,"5108 W BLUE MOUND RD,MKE",3,FRAUD,Advised
190642662-Assignment Completed,190642662,2019-03-05 20:28:45,"749 W STATE ST,MKE",1,RETURN STATION,Assignment Completed
190642731-Service in Progress,190642731,2019-03-05 20:54:53,"6680 N TEUTONIA AV,MKE",4,FOLLOW UP,Service in Progress
190642730-Advised,190642730,2019-03-05 20:54:11,"809 W BURLEIGH ST,MKE",5,TRAFFIC STOP,Advised
190642728-Service in Progress,190642728,2019-03-05 20:52:34,"3000 W CANAL ST,MKE",3,POLICE ADMIN,Service in Progress
190642727-Assignment Completed,190642727,2019-03-05 20:52:21,"9200 W BLUE MOUND RD,MKE",3,BUSINESS CHECK,Assignment Completed
190642721-Advised,190642721,2019-03-05 20:51:58,"6462 N 40TH ST,MKE",4,SUSP PERS/AUTO,Advised
190642725-Service in Progress,190642725,2019-03-05 20:51:39,"2355 N 35TH ST,MKE",3,THEFT,Service in Progress
190642723-Assignment Completed,190642723,2019-03-05 20:51:15,"6800 W VILLARD AV,MKE",4,PATROL,Assignment Completed
190642678-Advised,190642678,2019-03-05 20:51:13,"S HOWELL AV / E DEER PL,MKE",6,TRBL W/SUBJ,Advised
190642695-Assignment Completed,190642695,2019-03-05 20:39:03,"749 W STATE ST,MKE",1,POLICE ADMIN,Assignment Completed
190642640-Assignment Completed,190642640,2019-03-05 20:19:29,"749 W STATE ST,MKE",1,RETURN STATION,Assignment Completed
190642742-Assignment Completed,190642742,2019-03-05 20:59:53,"4800 W BLUE MOUND RD,MKE",3,INVESTIGATION,Assignment Completed
190642741-Service in Progress,190642741,2019-03-05 20:59:50,"2333 N 49TH ST,MKE",3,POLICE ADMIN,Service in Progress
190642737-Advised,190642737,2019-03-05 20:59:18,"1552 W WALKER ST,MKE",2,FAMILY TROUBLE,Advised
190642738-Open Investigation,190642738,2019-03-05 20:59:07,"2736 N 45TH ST,MKE",7,ENTRY,Open Investigation
190642736-Service in Progress,190642736,2019-03-05 20:57:56,"245 W LINCOLN AV,MKE",2,PRISONER TRANS,Service in Progress
190642735-Assignment Completed,190642735,2019-03-05 20:57:31,"4000 W WRIGHT ST,MKE",3,INVESTIGATION,Assignment Completed
190642734-Service in Progress,190642734,2019-03-05 20:57:15,"1601 N 35TH ST,MKE",3,INVESTIGATION,Service in Progress
190642733-Service in Progress,190642733,2019-03-05 20:56:34,"1200 E SINGER CR,MKE",5,INVESTIGATION,Service in Progress
190642729-Advised,190642729,2019-03-05 20:56:01,"1651 S 5TH ST,MKE",2,TRBL W/SUBJ,Advised
190642726-Service in Progress,190642726,2019-03-05 20:55:57,"3044 N 39TH ST,MKE",7,BATTERY,Service in Progress
190642676-Unable to Locate Complainant,190642676,2019-03-05 20:55:15,"2359 N HUBBARD ST,MKE",5,FAMILY TROUBLE,Unable to Locate Complainant
190642725-City Citation(s) Issued,190642725,2019-03-05 20:51:39,"2355 N 35TH ST,MKE",3,THEFT,City Citation(s) Issued
190642560-Open Investigation,190642560,2019-03-05 20:04:12,"5046 N 84TH ST,MKE",7,PROPERTY DAMAGE,Open Investigation
190642756-Advised,190642756,2019-03-05 21:04:24,"W HOPKINS ST / W CHAMBERS ST,MKE",5,TRAFFIC STOP,Advised
190642753-Service in Progress,190642753,2019-03-05 21:03:36,"749 W STATE ST,MKE",1,PRISONER TRANS,Service in Progress
190642752-Assignment Completed,190642752,2019-03-05 21:03:13,"N 76TH ST / W VILLARD AV,MKE",7,NON PURSUIT NO P,Assignment Completed
190642746-Assignment Completed,190642746,2019-03-05 21:01:39,"9040 W GOOD HOPE RD,MKE",4,BUSINESS CHECK,Assignment Completed
190642745-Service in Progress,190642745,2019-03-05 21:01:22,"2333 N 49TH ST,MKE",3,FOLLOW UP,Service in Progress
190642743-Assignment Completed,190642743,2019-03-05 21:00:54,"110 E LAYTON AV,MKE",6,BUSINESS CHECK,Assignment Completed
190642762-Assignment Completed,190642762,2019-03-05 21:07:27,"3300 W GALENA ST,MKE",3,INVESTIGATION,Assignment Completed
190642760-Assignment Completed,190642760,2019-03-05 21:06:30,"622 W MEINECKE AV,MKE",5,TRAFFIC STOP,Assignment Completed
190642759-Assignment Completed,190642759,2019-03-05 21:06:11,"6680 N TEUTONIA AV,MKE",4,RETURN STATION,Assignment Completed
190642758-Advised,190642758,2019-03-05 21:05:59,"4668 N 21ST ST,MKE",7,TRAFFIC STOP,Advised
190642734-Assignment Completed,190642734,2019-03-05 20:57:15,"1601 N 35TH ST,MKE",3,INVESTIGATION,Assignment Completed
190642726-Advised/Referral,190642726,2019-03-05 20:55:57,"3044 N 39TH ST,MKE",7,BATTERY,Advised/Referral
190642702-Patrol Request,190642702,2019-03-05 20:48:49,"6239 N TEUTONIA AV,MKE",4,BATTERY,Patrol Request
190642694-To be Filed,190642694,2019-03-05 20:38:58,"N 76TH ST / W SILVER SPRING DR,MKE",4,VEHICLE PURSUIT,To be Filed
190642782-Advised,190642782,2019-03-05 21:14:40,"1650 W CENTER ST,MKE",5,TRAFFIC STOP,Advised
190642780-Assignment Completed,190642780,2019-03-05 21:13:49,"1200 W NORTH AV,MKE",3,INVESTIGATION,Assignment Completed
190642779-Assignment Completed,190642779,2019-03-05 21:13:44,"3908 S 76TH ST,MKE",6,BUSINESS CHECK,Assignment Completed
190642777-Service in Progress,190642777,2019-03-05 21:13:35,"749 W STATE ST,MKE",1,RETURN STATION,Service in Progress
190642775-Assignment Completed,190642775,2019-03-05 21:12:17,"3300 W GALENA ST,MKE",3,PATROL,Assignment Completed
190642769-Service in Progress,190642769,2019-03-05 21:10:41,"2333 N 49TH ST,MKE",3,RETURN STATION,Service in Progress
190642767-Advised,190642767,2019-03-05 21:10:34,"1501 W COLLEGE AV,MKE",6,TRAFFIC STOP,Advised
190642766-City Citation(s) Issued,190642766,2019-03-05 21:10:29,"4356 N SHERMAN BL,MKE",7,TRAFFIC STOP,City Citation(s) Issued
190642793-Service in Progress,190642793,2019-03-05 21:19:02,"2600 S 8TH ST,MKE",2,FOLLOW UP,Service in Progress
190642794-Assignment Completed,190642794,2019-03-05 21:19:02,"4720 N TEUTONIA AV,MKE",5,TRAFFIC STOP,Assignment Completed
190642792-Service in Progress,190642792,2019-03-05 21:18:26,"749 W STATE ST,MKE",1,REPORTS,Service in Progress
190642791-Advised,190642791,2019-03-05 21:18:00,"2274 W LAYTON AV,MKE",6,TRAFFIC STOP,Advised
190642788-Assignment Completed,190642788,2019-03-05 21:17:28,"2400 W VILLARD AV,MKE",4,BUS INVESTIGATIO,Assignment Completed
190642778-Advised,190642778,2019-03-05 21:16:48,"2410 W FOREST HOME AV,MKE",2,TRBL W/SUBJ,Advised
190642776-Advised,190642776,2019-03-05 21:16:44,"S 30TH ST / W PIERCE ST,MKE",2,DRUG DEALING,Advised
190642785-Assignment Completed,190642785,2019-03-05 21:16:39,"W BURLEIGH ST / W APPLETON AV,MKE",7,ACC PDO,Assignment Completed
190642774-Service in Progress,190642774,2019-03-05 21:16:13,"4209 W SILVER SPRING DR,MKE",4,ROBBERY ST ARM,Service in Progress
190642784-Service in Progress,190642784,2019-03-05 21:15:19,"245 W LINCOLN AV,MKE",2,RETURN STATION,Service in Progress
190642807-Unable to Locate Complainant,190642807,2019-03-05 21:24:27,"N 41ST ST / W CLYBOURN ST,MKE",3,SUSP PERS/AUTO,Unable to Locate Complainant
190642771-Service in Progress,190642771,2019-03-05 21:24:22,"3006 S 27TH ST,MKE",6,PRISONER TRANS,Service in Progress
190642799-Service in Progress,190642799,2019-03-05 21:22:19,"1328 N JEFFERSON ST,MKE",1,TRBL W/SUBJ-DV,Service in Progress
190642805-Service in Progress,190642805,2019-03-05 21:22:09,"N 58TH ST / W ROOSEVELT DR,MKE",7,ACC PI,Service in Progress
190642804-Assignment Completed,190642804,2019-03-05 21:22:05,"6929 W SILVER SPRING DR,MKE",4,RETURN STATION,Assignment Completed
190642763-Service in Progress,190642763,2019-03-05 21:22:04,"912 E CENTER ST,MKE",5,WELFARE CITIZEN,Service in Progress
190642797-Service in Progress,190642797,2019-03-05 21:20:48,"3000 W CANAL ST,MKE",3,POLICE ADMIN,Service in Progress
190642754-Advised,190642754,2019-03-05 21:20:47,"W SILVER SPRING DR / W LEON TR,MKE",4,ACC PDO,Advised
190642795-Service in Progress,190642795,2019-03-05 21:20:30,"2600-BLK N 19TH ST,MKE",3,ENTRY,Service in Progress
190642745-Assignment Completed,190642745,2019-03-05 21:01:22,"2333 N 49TH ST,MKE",3,FOLLOW UP,Assignment Completed
190642818-Service in Progress,190642818,2019-03-05 21:29:40,"3626 W FOND DU LAC AV,MKE",7,PRISONER TRANS,Service in Progress
190642817-Advised,190642817,2019-03-05 21:29:35,"N 20TH ST / W HOPKINS ST,MKE",5,RECKLESS VEHICLE,Advised
190642810-Service in Progress,190642810,2019-03-05 21:29:33,"3237 S 16TH ST,MKE",6,HOSPITAL TO MCMH,Service in Progress
190642816-Advised,190642816,2019-03-05 21:29:20,"N 18TH ST / W CENTER ST,MKE",3,TRBL W/SUBJ,Advised
190642815-Assignment Completed,190642815,2019-03-05 21:26:39,"7607 W HAMPTON AV,MKE",7,TAVERN CHECK,Assignment Completed
190642796-Service in Progress,190642796,2019-03-05 21:25:40,"4657 N 36TH ST,MKE",7,SUBJ WITH GUN,Service in Progress
190642795-Assignment Completed,190642795,2019-03-05 21:20:30,"2600-BLK N 19TH ST,MKE",3,ENTRY,Assignment Completed
190642792-Assignment Completed,190642792,2019-03-05 21:18:26,"749 W STATE ST,MKE",1,REPORTS,Assignment Completed
190642784-Assignment Completed,190642784,2019-03-05 21:15:19,"245 W LINCOLN AV,MKE",2,RETURN STATION,Assignment Completed
190642824-Advised,190642824,2019-03-05 21:32:49,"1535 N FARWELL AV,MKE",1,TRAFFIC STOP,Advised
190642823-Service in Progress,190642823,2019-03-05 21:32:08,"2835 N 22ND ST,MKE",5,TRBL W/SUBJ,Service in Progress
190642822-Service in Progress,190642822,2019-03-05 21:30:32,"1100 W BROWN ST,MKE",3,PATROL,Service in Progress
190642796-Unable to Locate Complainant,190642796,2019-03-05 21:25:40,"4657 N 36TH ST,MKE",7,SUBJ WITH GUN,Unable to Locate Complainant
190642769-Assignment Completed,190642769,2019-03-05 21:10:41,"2333 N 49TH ST,MKE",3,RETURN STATION,Assignment Completed
190642696-Advised,190642696,2019-03-05 20:39:14,"2421 N 27TH ST,MKE",3,TRAFFIC STOP,Advised
190642831-Assignment Completed,190642831,2019-03-05 21:39:47,"3626 W FOND DU LAC AV,MKE",7,POLICE ADMIN,Assignment Completed
190642820-Advised,190642820,2019-03-05 21:39:03,"3605 N 38TH ST,MKE",7,NOISE NUISANCE,Advised
190642830-Service in Progress,190642830,2019-03-05 21:37:55,"3600 W LISBON AV,MKE",3,INVESTIGATION,Service in Progress
190642814-Service in Progress,190642814,2019-03-05 21:37:23,"7253 N 86TH ST,MKE",4,WELFARE CITIZEN,Service in Progress
190642829-Service in Progress,190642829,2019-03-05 21:36:33,"3319 W CHERRY ST,MKE",3,SHOTSPOTTER,Service in Progress
190642828-Unable to Locate Complainant,190642828,2019-03-05 21:36:15,"1410 N 27TH ST,MKE",3,SHOTSPOTTER,Unable to Locate Complainant
190642812-Service in Progress,190642812,2019-03-05 21:35:41,"1630 N 34TH ST,MKE",3,SUBJ WANTED,Service in Progress
190642827-Advised,190642827,2019-03-05 21:35:36,"N 20TH ST / W CAPITOL DR,MKE",5,TRAFFIC STOP,Advised
190642839-Advised,190642839,2019-03-05 21:43:03,"2101 W ATKINSON AV,MKE",5,TRAFFIC STOP,Advised
190642838-Advised,190642838,2019-03-05 21:41:17,"2400 W ASH ST,MKE",3,TRAFFIC STOP,Advised
190642837-Assignment Completed,190642837,2019-03-05 21:41:08,"3626 W FOND DU LAC AV,MKE",7,RETURN STATION,Assignment Completed
190642833-Assignment Completed,190642833,2019-03-05 21:40:14,"3900 W BLUE MOUND RD,MKE",3,INVESTIGATION,Assignment Completed
190642845-Service in Progress,190642845,2019-03-05 21:49:36,"N TEUTONIA AV / W MILL RD,MKE",4,TRAFFIC STOP,Service in Progress
190642843-Service in Progress,190642843,2019-03-05 21:47:50,"S 37TH ST / W MAPLE ST,MKE",2,NON PURSUIT,Service in Progress
190642840-Unable to Locate Complainant,190642840,2019-03-05 21:46:57,"2618 W FOREST HOME AV,MKE",2,TRBL W/SUBJ,Unable to Locate Complainant
190642841-Service in Progress,190642841,2019-03-05 21:45:59,"3626 W FOND DU LAC AV,MKE",7,RETURN STATION,Service in Progress
190642829-Unable to Locate Complainant,190642829,2019-03-05 21:36:33,"3319 W CHERRY ST,MKE",3,SHOTSPOTTER,Unable to Locate Complainant
190642812-Assignment Completed,190642812,2019-03-05 21:35:41,"1630 N 34TH ST,MKE",3,SUBJ WANTED,Assignment Completed
190642731-Assignment Completed,190642731,2019-03-05 20:54:53,"6680 N TEUTONIA AV,MKE",4,FOLLOW UP,Assignment Completed
190642848-Advised,190642848,2019-03-05 21:54:03,"N 23RD ST / W CORNELL ST,MKE",5,TRAFFIC STOP,Advised
190642844-Advised,190642844,2019-03-05 21:53:33,"N 8TH ST / W HIGHLAND AV,MKE",1,ABAND/STOLEN PRO,Advised
190642846-Assignment Completed,190642846,2019-03-05 21:52:16,"3500 W CLYBOURN ST,MKE",3,PATROL,Assignment Completed
190642845-Advised,190642845,2019-03-05 21:49:36,"N TEUTONIA AV / W MILL RD,MKE",4,TRAFFIC STOP,Advised
190642830-Assignment Completed,190642830,2019-03-05 21:37:55,"3600 W LISBON AV,MKE",3,INVESTIGATION,Assignment Completed
190642857-Service in Progress,190642857,2019-03-05 21:57:25,"4301 W MONARCH PL,MKE",3,BUSINESS CHECK,Service in Progress
190642854-Assignment Completed,190642854,2019-03-05 21:57:06,"N 76TH ST / W MILL RD,MKE",4,PATROL,Assignment Completed
190642855-Assignment Completed,190642855,2019-03-05 21:57:06,"2950 S CHASE AV,MKE",6,BUSINESS CHECK,Assignment Completed
190642853-Advised,190642853,2019-03-05 21:57:01,"4700 N GREEN BAY AV,MKE",7,TRAFFIC STOP,Advised
190642850-Assignment Completed,190642850,2019-03-05 21:56:22,"N 24TH ST / W VINE ST,MKE",3,TRBL W/SUBJ-DV,Assignment Completed
190642822-Assignment Completed,190642822,2019-03-05 21:30:32,"1100 W BROWN ST,MKE",3,PATROL,Assignment Completed
190642871-Assignment Completed,190642871,2019-03-05 22:04:11,"7600 W CAPITOL DR,MKE",7,BUSINESS CHECK,Assignment Completed
190642866-Service in Progress,190642866,2019-03-05 22:02:49,"5401 N 52ND ST,MKE",4,VIOL REST ORDER,Service in Progress
190642865-Advised,190642865,2019-03-05 22:01:19,"N 18TH ST / W KEEFE AV,MKE",5,TRAFFIC STOP,Advised
190642860-Service in Progress,190642860,2019-03-05 22:01:06,"106 N 72ND ST,MKE",3,TRBL W/SUBJ,Service in Progress
190642862-Service in Progress,190642862,2019-03-05 22:00:19,"1200 N HAWLEY RD,MKE",3,PATROL,Service in Progress
190642857-Assignment Completed,190642857,2019-03-05 21:57:25,"4301 W MONARCH PL,MKE",3,BUSINESS CHECK,Assignment Completed
190642850-Advised,190642850,2019-03-05 21:56:22,"N 24TH ST / W VINE ST,MKE",3,TRBL W/SUBJ-DV,Advised
190642818-Assignment Completed,190642818,2019-03-05 21:29:40,"3626 W FOND DU LAC AV,MKE",7,PRISONER TRANS,Assignment Completed
190642797-Assignment Completed,190642797,2019-03-05 21:20:48,"3000 W CANAL ST,MKE",3,POLICE ADMIN,Assignment Completed
190642881-Service in Progress,190642881,2019-03-05 22:09:38,"2920 N VEL R PHILLIPS AV,MKE",5,RETURN STATION,Service in Progress
190642879-Service in Progress,190642879,2019-03-05 22:09:17,"3205 N TEUTONIA AV,MKE",5,TRAFFIC STOP,Service in Progress
190642878-Service in Progress,190642878,2019-03-05 22:09:06,"W BECKETT AV / W MELVINA ST,MKE",7,TRAFFIC STOP,Service in Progress
190642876-Service in Progress,190642876,2019-03-05 22:07:09,"1721 W CANAL ST,MKE",3,SPECIAL ASSIGN,Service in Progress
190642869-Advised,190642869,2019-03-05 22:06:05,"3066 N 49TH ST,MKE",7,TRBL W/SUBJ,Advised
190642873-Advised,190642873,2019-03-05 22:05:38,"6806 N 39TH ST,MKE",4,NOISE NUISANCE,Advised
190642862-Assignment Completed,190642862,2019-03-05 22:00:19,"1200 N HAWLEY RD,MKE",3,PATROL,Assignment Completed
190642841-Assignment Completed,190642841,2019-03-05 21:45:59,"3626 W FOND DU LAC AV,MKE",7,RETURN STATION,Assignment Completed
190642799-Advised/Referral,190642799,2019-03-05 21:22:19,"1328 N JEFFERSON ST,MKE",1,TRBL W/SUBJ-DV,Advised/Referral
190642763-Advised,190642763,2019-03-05 21:22:04,"912 E CENTER ST,MKE",5,WELFARE CITIZEN,Advised
190642874-Service in Progress,190642874,2019-03-05 22:13:51,"8313 W MILL RD,MKE",4,TRBL W/SUBJ,Service in Progress
190642891-Assignment Completed,190642891,2019-03-05 22:13:37,"N 24TH PL / W LISBON AV,MKE",3,TRAFFIC STOP,Assignment Completed
190642890-Assignment Completed,190642890,2019-03-05 22:13:24,"9108 W OKLAHOMA AV,WA",OUT,BUSINESS CHECK,Assignment Completed
190642889-Assignment Completed,190642889,2019-03-05 22:13:19,"7600 W CAPITOL DR,MKE",7,BUSINESS CHECK,Assignment Completed
190642882-Service in Progress,190642882,2019-03-05 22:12:14,"2457 N HOLTON ST,MKE",5,ACC PDO,Service in Progress
190642888-Advised,190642888,2019-03-05 22:12:02,"1400 E LOCUST ST,MKE",1,TRAFFIC STOP,Advised
190642877-Advised,190642877,2019-03-05 22:12:00,"3419 S 76TH ST,MKE",6,TRBL W/SUBJ,Advised
190642864-Unable to Locate Complainant,190642864,2019-03-05 22:11:57,"2547 N 16TH ST,MKE",3,TRBL W/SUBJ,Unable to Locate Complainant
190642884-Assignment Completed,190642884,2019-03-05 22:10:36,"1401 W MITCHELL ST,MKE",2,BUSINESS CHECK,Assignment Completed
190642883-Assignment Completed,190642883,2019-03-05 22:10:08,"N 38TH ST / W WRIGHT ST,MKE",3,INVESTIGATION,Assignment Completed
190642860-Unable to Locate Complainant,190642860,2019-03-05 22:01:06,"106 N 72ND ST,MKE",3,TRBL W/SUBJ,Unable to Locate Complainant
190642894-To be Filed,190642894,2019-03-05 22:16:05,"N 41ST ST / W LOCUST ST,MKE",7,VEHICLE PURSUIT,To be Filed
190642892-Unable to Locate Complainant,190642892,2019-03-05 22:16:01,"2332 W ROGERS ST,MKE",2,SHOTSPOTTER,Unable to Locate Complainant
190642893-Service in Progress,190642893,2019-03-05 22:15:19,"3993 S PRAIRIE HILL LANE, GREENFIELD",CITY,FOLLOW UP,Service in Progress
190642908-Service in Progress,190642908,2019-03-05 22:24:57,"4715 W VLIET ST,MKE",3,REPORTS,Service in Progress
190642907-Service in Progress,190642907,2019-03-05 22:24:40,"S 28TH ST / W LINCOLN AV,MKE",2,SHOTS FIRED,Service in Progress
190642903-Assignment Completed,190642903,2019-03-05 22:21:28,"4500 W NORTH AV,MKE",3,PATROL,Assignment Completed
190642896-Advised,190642896,2019-03-05 22:20:27,"3636 S 27TH ST,MKE",6,FRAUD,Advised
190642894-Assignment Completed,190642894,2019-03-05 22:16:05,"N 41ST ST / W LOCUST ST,MKE",7,VEHICLE PURSUIT,Assignment Completed
190642843-Assignment Completed,190642843,2019-03-05 21:47:50,"S 37TH ST / W MAPLE ST,MKE",2,NON PURSUIT,Assignment Completed
190642905-Service in Progress,190642905,2019-03-05 22:28:55,"4210 N 84TH ST,MKE",7,BATTERY DV,Service in Progress
190642911-Assignment Completed,190642911,2019-03-05 22:27:53,"2245 N 26TH ST,MKE",3,SHOTS FIRED,Assignment Completed
190642902-Service in Progress,190642902,2019-03-05 22:27:10,"1326 W DAKOTA ST,MKE",6,TRBL W/SUBJ,Service in Progress
190642910-Service in Progress,190642910,2019-03-05 22:25:41,"4715 W VLIET ST,MKE",3,RETURN STATION,Service in Progress
190642907-Unable to Locate Complainant,190642907,2019-03-05 22:24:40,"S 28TH ST / W LINCOLN AV,MKE",2,SHOTS FIRED,Unable to Locate Complainant
190642926-Assignment Completed,190642926,2019-03-05 22:33:36,"N 68TH ST / W BURLEIGH ST,MKE",7,PATROL,Assignment Completed
190642925-Service in Progress,190642925,2019-03-05 22:33:33,"619 W WALNUT ST,MKE",5,OUT OF SERVICE,Service in Progress
190642924-City Citation(s) Issued,190642924,2019-03-05 22:33:25,"4601 W NORTH AV,MKE",3,TRAFFIC STOP,City Citation(s) Issued
190642923-Assignment Completed,190642923,2019-03-05 22:33:21,"3869 S 84TH ST,MKE",6,BUSINESS CHECK,Assignment Completed
190642921-Service in Progress,190642921,2019-03-05 22:33:03,"N BROADWAY / E BUFFALO ST,MKE",1,PATROL,Service in Progress
190642920-Service in Progress,190642920,2019-03-05 22:32:37,"3000 W NORTH AV,MKE",3,INVESTIGATION,Service in Progress
190642913-Service in Progress,190642913,2019-03-05 22:31:06,"2618 W FOREST HOME AV,MKE",2,TRBL W/SUBJ,Service in Progress
190642918-Assignment Completed,190642918,2019-03-05 22:30:48,"500 S 84TH ST,MKE",3,PATROL,Assignment Completed
190642902-Assignment Completed,190642902,2019-03-05 22:27:10,"1326 W DAKOTA ST,MKE",6,TRBL W/SUBJ,Assignment Completed
190642930-Assignment Completed,190642930,2019-03-05 22:37:08,"4210 N 84TH ST,MKE",7,FIRE,Assignment Completed
190642932-Assignment Completed,190642932,2019-03-05 22:36:44,"6680 N TEUTONIA AV,MKE",4,RETURN STATION,Assignment Completed
190642927-Advised,190642927,2019-03-05 22:36:13,"2514 N 16TH ST,MKE",3,NOISE NUISANCE,Advised
190642929-Assignment Completed,190642929,2019-03-05 22:36:00,"N BUFFUM ST / E BURLEIGH ST,MKE",5,INVESTIGATION,Assignment Completed
190642922-Service in Progress,190642922,2019-03-05 22:35:56,"3672 S 15TH ST,MKE",6,SUSP PERS/AUTO,Service in Progress
190642946-Assignment Completed,190642946,2019-03-05 22:43:57,"3333 S 27TH ST,MKE",6,INVESTIGATION,Assignment Completed
190642945-Service in Progress,190642945,2019-03-05 22:43:04,"245 W LINCOLN AV,MKE",2,REPORTS,Service in Progress
190642895-Service in Progress,190642895,2019-03-05 22:42:50,"1230 E SINGER CR,MKE",5,TRBL W/SUBJ,Service in Progress
190642942-Advised,190642942,2019-03-05 22:42:09,"1375 W FOREST HOME AV,MKE",2,TRAFFIC STOP,Advised
190642940-Service in Progress,190642940,2019-03-05 22:41:31,"245 W LINCOLN AV,MKE",2,SPECIAL ASSIGN,Service in Progress
190642936-Advised/Referral,190642936,2019-03-05 22:41:18,"4215 N 26TH ST,MKE",5,BATTERY DV,Advised/Referral
190642938-Assignment Completed,190642938,2019-03-05 22:40:47,"2221 N HUMBOLDT AV,MKE",5,BUSINESS CHECK,Assignment Completed
190642937-Assignment Completed,190642937,2019-03-05 22:40:16,"2333 N 49TH ST,MKE",3,RETURN STATION,Assignment Completed
190642913-Advised,190642913,2019-03-05 22:31:06,"2618 W FOREST HOME AV,MKE",2,TRBL W/SUBJ,Advised
190642902-Advised,190642902,2019-03-05 22:27:10,"1326 W DAKOTA ST,MKE",6,TRBL W/SUBJ,Advised
190642908-Assignment Completed,190642908,2019-03-05 22:24:57,"4715 W VLIET ST,MKE",3,REPORTS,Assignment Completed
190642947-Assignment Completed,190642947,2019-03-05 22:49:45,"8300 W LUSCHER AV,MKE",7,SUSP PERS/AUTO,Assignment Completed
190642957-Service in Progress,190642957,2019-03-05 22:49:28,"2217 S 1ST ST,MKE",2,BUSINESS CHECK,Service in Progress
190642955-Assignment Completed,190642955,2019-03-05 22:49:20,"3430 W HADLEY ST,MKE",7,FIRE,Assignment Completed
190642953-Assignment Completed,190642953,2019-03-05 22:47:47,"2500 N 28TH ST,MKE",3,PATROL,Assignment Completed
190642950-Assignment Completed,190642950,2019-03-05 22:46:25,"4221 W CAPITOL DR,MKE",7,TAVERN CHECK,Assignment Completed
190642922-Advised,190642922,2019-03-05 22:35:56,"3672 S 15TH ST,MKE",6,SUSP PERS/AUTO,Advised
190642920-Assignment Completed,190642920,2019-03-05 22:32:37,"3000 W NORTH AV,MKE",3,INVESTIGATION,Assignment Completed
190642874-Advised,190642874,2019-03-05 22:13:51,"8313 W MILL RD,MKE",4,TRBL W/SUBJ,Advised
190642962-Assignment Completed,190642962,2019-03-05 22:54:32,"6000 N 42ND ST,MKE",4,PATROL,Assignment Completed
190642961-To be Filed,190642961,2019-03-05 22:54:22,"2730 N HUMBOLDT BL,MKE",5,BUSINESS CHECK,To be Filed
190642960-Service in Progress,190642960,2019-03-05 22:54:00,"W FOND DU LAC AV / W ELY PL,MKE",7,VEHICLE PURSUIT,Service in Progress
190642832-To be Filed,190642832,2019-03-05 22:50:22,"1040 S 23RD ST,MKE",2,ROBBERY ST ARM,To be Filed
190642957-Assignment Completed,190642957,2019-03-05 22:49:28,"2217 S 1ST ST,MKE",2,BUSINESS CHECK,Assignment Completed
190642910-Assignment Completed,190642910,2019-03-05 22:25:41,"4715 W VLIET ST,MKE",3,RETURN STATION,Assignment Completed
190642969-Assignment Completed,190642969,2019-03-05 22:59:27,"N 60TH ST / W MILL RD,MKE",4,PATROL,Assignment Completed
190642967-Assignment Completed,190642967,2019-03-05 22:59:04,"8311 W SILVER SPRING DR,MKE",4,BUSINESS CHECK,Assignment Completed
190642966-Assignment Completed,190642966,2019-03-05 22:58:49,"1300 W COLLEGE AV,MKE",6,BUSINESS CHECK,Assignment Completed
190642981-Assignment Completed,190642981,2019-03-05 23:04:45,"5600 W VLIET ST,MKE",3,PATROL,Assignment Completed
190642980-Service in Progress,190642980,2019-03-05 23:04:10,"2333 N 49TH ST,MKE",3,RETURN STATION,Service in Progress
190642978-Advised,190642978,2019-03-05 23:04:05,"E NORTH AV / N CAMBRIDGE AV,MKE",1,TRAFFIC STOP,Advised
190642977-Assignment Completed,190642977,2019-03-05 23:03:09,"245 W LINCOLN AV,MKE",2,POLICE ADMIN,Assignment Completed
190642974-Service in Progress,190642974,2019-03-05 23:01:15,"200 E BUFFALO ST,MKE",1,PARK AND WALK,Service in Progress
190642972-Assignment Completed,190642972,2019-03-05 23:00:54,"N 43RD ST / W GREEN TREE RD,MKE",4,VEHICLE PURSUIT,Assignment Completed
190642971-Assignment Completed,190642971,2019-03-05 23:00:18,"369 E OKLAHOMA AV,MKE",6,BUSINESS CHECK,Assignment Completed
190642965-Service in Progress,190642965,2019-03-05 23:00:05,"3216 W HIGHLAND BL,MKE",3,WELFARE CITIZEN,Service in Progress
190642970-Advised,190642970,2019-03-05 23:00:03,"2350 N BUFFUM ST,MKE",5,TRAFFIC STOP,Advised
190642893-Assignment Completed,190642893,2019-03-05 22:15:19,"3993 S PRAIRIE HILL LANE, GREENFIELD",CITY,FOLLOW UP,Assignment Completed
190642987-Assignment Completed,190642987,2019-03-05 23:09:13,"3400 W LLOYD ST,MKE",3,INVESTIGATION,Assignment Completed
190642986-Assignment Completed,190642986,2019-03-05 23:08:56,"7600 W ADLER ST,MKE",3,PATROL,Assignment Completed
190642985-Service in Progress,190642985,2019-03-05 23:08:02,"N 5TH ST / W NORTH AV,MKE",5,INVESTIGATION,Service in Progress
190642983-Assignment Completed,190642983,2019-03-05 23:05:36,"4040 S 27TH ST,MKE",6,BUSINESS CHECK,Assignment Completed
190642982-Assignment Completed,190642982,2019-03-05 23:05:18,"4300 W NORTH AV,MKE",3,BUS INVESTIGATIO,Assignment Completed
190642980-Assignment Completed,190642980,2019-03-05 23:04:10,"2333 N 49TH ST,MKE",3,RETURN STATION,Assignment Completed
190642965-Advised,190642965,2019-03-05 23:00:05,"3216 W HIGHLAND BL,MKE",3,WELFARE CITIZEN,Advised
190642882-City Citation(s) Issued,190642882,2019-03-05 22:12:14,"2457 N HOLTON ST,MKE",5,ACC PDO,City Citation(s) Issued
190642999-Advised,190642999,2019-03-05 23:14:15,"3526 W CAPITOL DR,MKE",7,TRAFFIC STOP,Advised
190642996-Assignment Completed,190642996,2019-03-05 23:13:54,"3006 S 27TH ST,MKE",6,POLICE ADMIN,Assignment Completed
190642994-Service in Progress,190642994,2019-03-05 23:12:48,"245 W LINCOLN AV,MKE",2,REPORTS,Service in Progress
190642990-Assignment Completed,190642990,2019-03-05 23:11:45,"2900 S 71ST ST,MKE",6,CALL FOR POLICE,Assignment Completed
190642993-Advised,190642993,2019-03-05 23:11:42,"N 12TH ST / W NORTH AV,MKE",3,TRAFFIC STOP,Advised
190642992-Assignment Completed,190642992,2019-03-05 23:11:32,"5880 S HOWELL AV,MKE",6,BUSINESS CHECK,Assignment Completed
190642991-Assignment Completed,190642991,2019-03-05 23:11:26,"9100 W GOOD HOPE RD,MKE",4,PATROL,Assignment Completed
190642989-Service in Progress,190642989,2019-03-05 23:10:41,"2333 N 49TH ST,MKE",3,RETURN STATION,Service in Progress
190643007-Assignment Completed,190643007,2019-03-05 23:19:18,"2333 N 49TH ST,MKE",3,REPORTS,Assignment Completed
190642984-Advised,190642984,2019-03-05 23:19:00,"3049 N 60TH ST,MKE",7,CALL FOR POLICE,Advised
190643006-Service in Progress,190643006,2019-03-05 23:18:27,"9200 W BLUE MOUND RD,MKE",3,BUSINESS CHECK,Service in Progress
190643004-Assignment Completed,190643004,2019-03-05 23:18:04,"2915 W HIGHLAND BL,MKE",3,INVESTIGATION,Assignment Completed
190643003-Advised,190643003,2019-03-05 23:17:23,"1203 W LINCOLN AV,MKE",2,TRAFFIC STOP,Advised
190642988-Service in Progress,190642988,2019-03-05 23:16:35,"1948 S 19TH ST,MKE",2,FAMILY TROUBL-DV,Service in Progress
190643001-Service in Progress,190643001,2019-03-05 23:15:58,"N 16TH ST / W NORTH AV,MKE",3,PATROL,Service in Progress
190642989-Assignment Completed,190642989,2019-03-05 23:10:41,"2333 N 49TH ST,MKE",3,RETURN STATION,Assignment Completed
190642895-Advised,190642895,2019-03-05 22:42:50,"1230 E SINGER CR,MKE",5,TRBL W/SUBJ,Advised
190642921-Assignment Completed,190642921,2019-03-05 22:33:03,"N BROADWAY / E BUFFALO ST,MKE",1,PATROL,Assignment Completed
190642905-Assignment Completed,190642905,2019-03-05 22:28:55,"4210 N 84TH ST,MKE",7,BATTERY DV,Assignment Completed
190643020-Assignment Completed,190643020,03/05/2019 11:24:52 PM,"6300 W MAIN ST,MKE",3,INVESTIGATION,Assignment Completed
190643015-Service in Progress,190643015,03/05/2019 11:24:40 PM,"646 W PIERCE ST,MKE",2,DUI,Service in Progress
190643018-Assignment Completed,190643018,03/05/2019 11:24:33 PM,"3700 W BROWN ST,MKE",3,INVESTIGATION,Assignment Completed
190643017-Service in Progress,190643017,03/05/2019 11:24:18 PM,"N HOLTON ST / E HADLEY ST,MKE",5,SUBJ STOP,Service in Progress
190642968-Service in Progress,190642968,03/05/2019 11:23:18 PM,"3626 W FOND DU LAC AV,MKE",7,ASSIGNMENT,Service in Progress
190643013-Service in Progress,190643013,03/05/2019 11:22:01 PM,"125 W BECHER ST,MKE",2,BUSINESS CHECK,Service in Progress
190643011-Assignment Completed,190643011,03/05/2019 11:21:53 PM,"1501 W ZELLMAN CT,MKE",6,BUS INVESTIGATIO,Assignment Completed
190643010-Assignment Completed,190643010,03/05/2019 11:21:31 PM,"N 106TH ST / W RAE AV,MKE",4,PATROL,Assignment Completed
190643009-Assignment Completed,190643009,03/05/2019 11:21:12 PM,"2300 W CAPITOL DR,MKE",5,INVESTIGATION,Assignment Completed
